<?xml version="1.0" encoding="UTF-8"?><sporemodel>
  <formatversion>18</formatversion>
  <properties>
    <modeltype>0x4178b8e8</modeltype>
    <skineffect1>0x0156ac06</skineffect1>
    <skineffect2>0xcf48a38f</skineffect2>
    <skineffect3>0xf09862ba</skineffect3>
    <skineffectseed1>1234</skineffectseed1>
    <skineffectseed2>1234</skineffectseed2>
    <skineffectseed3>1234</skineffectseed3>
    <skincolor1>0.803919,0.592154,0.149019</skincolor1>
    <skincolor2>0.905882,0.537253,0.866666</skincolor2>
    <skincolor3>0.443136,0.266667,0.203922</skincolor3>
    <zcorpscore>48</zcorpscore>
  </properties>
  <blocks count="50">
    <blockref>
      <blockid>0x40626000, 0xd05c53a3</blockid>
      <transform>
        <scale>0.715963</scale>
        <position>0,0.463416,1.577435</position>
        <triangledirection>0,0.426330,-0.904567</triangledirection>
        <trianglepickorigin>0,0,0</trianglepickorigin>
        <orientation>
          <row0>1,0,0</row0>
          <row1>0,0.426330,-0.904567</row1>
          <row2>0,0.904567,0.426330</row2>
        </orientation>
      </transform>
      <snapped>false</snapped>
      <childlist count="1">
        <childid>1</childid>
      </childlist>
      <isasymmetric>false</isasymmetric>
    </blockref>
    <blockref>
      <blockid>0x40626000, 0xd05c53a3</blockid>
      <transform>
        <scale>0.789928</scale>
        <position>0,0.495649,1.475046</position>
        <triangledirection>0,0.168718,-0.985664</triangledirection>
        <trianglepickorigin>0,0,0</trianglepickorigin>
        <orientation>
          <row0>1,0,0</row0>
          <row1>0,0.168718,-0.985664</row1>
          <row2>0,0.985664,0.168718</row2>
        </orientation>
      </transform>
      <snapped>false</snapped>
      <childlist count="3">
        <childid>49</childid>
        <childid>48</childid>
        <childid>2</childid>
      </childlist>
      <isasymmetric>false</isasymmetric>
    </blockref>
    <blockref>
      <blockid>0x40626000, 0xd05c53a3</blockid>
      <transform>
        <scale>0.851414</scale>
        <position>0,0.519038,1.364953</position>
        <triangledirection>0,0.246558,-0.969126</triangledirection>
        <trianglepickorigin>0,0,0</trianglepickorigin>
        <orientation>
          <row0>1,0,0</row0>
          <row1>0,0.246558,-0.969126</row1>
          <row2>0,0.969126,0.246558</row2>
        </orientation>
      </transform>
      <snapped>false</snapped>
      <childlist count="1">
        <childid>3</childid>
      </childlist>
      <isasymmetric>false</isasymmetric>
    </blockref>
    <blockref>
      <blockid>0x40626000, 0xd05c53a3</blockid>
      <transform>
        <scale>0.848330</scale>
        <position>0,0.534098,1.257683</position>
        <triangledirection>0,0.0298398,-0.999553</triangledirection>
        <trianglepickorigin>0,0,0</trianglepickorigin>
        <orientation>
          <row0>1,0,0</row0>
          <row1>0,0.0298398,-0.999553</row1>
          <row2>0,0.999553,0.0298398</row2>
        </orientation>
      </transform>
      <snapped>false</snapped>
      <childlist count="2">
        <childid>16</childid>
        <childid>4</childid>
      </childlist>
      <isasymmetric>false</isasymmetric>
    </blockref>
    <blockref>
      <blockid>0x40626000, 0xd05c53a3</blockid>
      <transform>
        <scale>0.864080</scale>
        <position>0,0.535776,1.146402</position>
        <triangledirection>0,0.000327229,-0.999998</triangledirection>
        <trianglepickorigin>0,0,0</trianglepickorigin>
        <orientation>
          <row0>1,0,0</row0>
          <row1>0,0.000327229,-0.999998</row1>
          <row2>0,0.999998,0.000327229</row2>
        </orientation>
      </transform>
      <snapped>false</snapped>
      <childlist count="6">
        <childid>43</childid>
        <childid>42</childid>
        <childid>41</childid>
        <childid>21</childid>
        <childid>19</childid>
        <childid>5</childid>
      </childlist>
      <isasymmetric>false</isasymmetric>
    </blockref>
    <blockref>
      <blockid>0x40626000, 0xd05c53a3</blockid>
      <transform>
        <scale>0.848957</scale>
        <position>0,0.535870,1.034723</position>
        <triangledirection>0,0.00134474,-0.999998</triangledirection>
        <trianglepickorigin>0,0,0</trianglepickorigin>
        <orientation>
          <row0>1,0,0</row0>
          <row1>0,0.00134474,-0.999998</row1>
          <row2>0,0.999998,0.00134474</row2>
        </orientation>
      </transform>
      <snapped>false</snapped>
      <childlist count="5">
        <childid>47</childid>
        <childid>46</childid>
        <childid>45</childid>
        <childid>44</childid>
        <childid>6</childid>
      </childlist>
      <isasymmetric>false</isasymmetric>
    </blockref>
    <blockref>
      <blockid>0x40626000, 0xd05c53a3</blockid>
      <transform>
        <scale>0.826241</scale>
        <position>0,0.528900,0.925095</position>
        <triangledirection>0,-0.127979,-0.991775</triangledirection>
        <trianglepickorigin>0,0,0</trianglepickorigin>
        <orientation>
          <row0>1,0,0</row0>
          <row1>0,-0.127979,-0.991775</row1>
          <row2>0,0.991775,-0.127979</row2>
        </orientation>
      </transform>
      <snapped>false</snapped>
      <childlist count="3">
        <childid>36</childid>
        <childid>35</childid>
        <childid>7</childid>
      </childlist>
      <isasymmetric>false</isasymmetric>
    </blockref>
    <blockref>
      <blockid>0x40626000, 0xd05c53a3</blockid>
      <transform>
        <scale>0.721085</scale>
        <position>0,0.514406,0.814422</position>
        <triangledirection>0,-0.131721,-0.991285</triangledirection>
        <trianglepickorigin>0,0,0</trianglepickorigin>
        <orientation>
          <row0>1,0,0</row0>
          <row1>0,-0.131721,-0.991285</row1>
          <row2>0,0.991285,-0.131721</row2>
        </orientation>
      </transform>
      <snapped>false</snapped>
      <childlist count="5">
        <childid>40</childid>
        <childid>39</childid>
        <childid>38</childid>
        <childid>37</childid>
        <childid>8</childid>
      </childlist>
      <isasymmetric>false</isasymmetric>
    </blockref>
    <blockref>
      <blockid>0x40626000, 0xd05c53a3</blockid>
      <transform>
        <scale>0.662463</scale>
        <position>0,0.495038,0.705650</position>
        <triangledirection>0,-0.218523,-0.975830</triangledirection>
        <trianglepickorigin>0,0,0</trianglepickorigin>
        <orientation>
          <row0>1,0,0</row0>
          <row1>0,-0.218523,-0.975830</row1>
          <row2>0,0.975830,-0.218523</row2>
        </orientation>
      </transform>
      <snapped>false</snapped>
      <childlist count="3">
        <childid>28</childid>
        <childid>25</childid>
        <childid>13</childid>
      </childlist>
      <isasymmetric>false</isasymmetric>
    </blockref>
    <blockref>
      <blockid>0x40626000, 0xd05c53a3</blockid>
      <transform>
        <scale>0.581399</scale>
        <position>0,0.410192,1.673503</position>
        <triangledirection>0,0.540840,-0.841123</triangledirection>
        <trianglepickorigin>0,0,0</trianglepickorigin>
        <orientation>
          <row0>0.999998,0,0</row0>
          <row1>0,0.540840,-0.841123</row1>
          <row2>0,0.841123,0.540840</row2>
        </orientation>
      </transform>
      <snapped>false</snapped>
      <childlist count="1">
        <childid>0</childid>
      </childlist>
      <isasymmetric>false</isasymmetric>
    </blockref>
    <blockref>
      <blockid>0x40626000, 0xd05c53a3</blockid>
      <transform>
        <scale>0.490126</scale>
        <position>0,0.342734,1.758803</position>
        <triangledirection>0,0.693854,-0.720113</triangledirection>
        <trianglepickorigin>0,0,0</trianglepickorigin>
        <orientation>
          <row0>1,0,0</row0>
          <row1>0,0.693854,-0.720113</row1>
          <row2>0,0.720113,0.693854</row2>
        </orientation>
      </transform>
      <snapped>false</snapped>
      <childlist count="1">
        <childid>9</childid>
      </childlist>
      <isasymmetric>false</isasymmetric>
    </blockref>
    <blockref>
      <blockid>0x40626000, 0xd05c53a3</blockid>
      <transform>
        <scale>0.394454</scale>
        <position>0,0.266734,1.841328</position>
        <triangledirection>0,0.660649,-0.750693</triangledirection>
        <trianglepickorigin>0,0,0</trianglepickorigin>
        <orientation>
          <row0>1,0,0</row0>
          <row1>0,0.660649,-0.750693</row1>
          <row2>0,0.750693,0.660649</row2>
        </orientation>
      </transform>
      <snapped>false</snapped>
      <childlist count="1">
        <childid>10</childid>
      </childlist>
      <isasymmetric>false</isasymmetric>
    </blockref>
    <blockref>
      <blockid>0x40626000, 0xd05c53a3</blockid>
      <transform>
        <scale>0.292151</scale>
        <position>0,0.193498,1.925878</position>
        <triangledirection>0,0.648745,-0.761004</triangledirection>
        <trianglepickorigin>0,0,0</trianglepickorigin>
        <orientation>
          <row0>1,0,0</row0>
          <row1>0,0.648745,-0.761004</row1>
          <row2>0,0.761004,0.648745</row2>
        </orientation>
      </transform>
      <snapped>false</snapped>
      <childlist count="2">
        <childid>33</childid>
        <childid>11</childid>
      </childlist>
      <isasymmetric>false</isasymmetric>
    </blockref>
    <blockref>
      <blockid>0x40626000, 0xd05c53a3</blockid>
      <transform>
        <scale>0.554023</scale>
        <position>0,0.450388,0.612477</position>
        <triangledirection>0,-0.623691,-0.781669</triangledirection>
        <trianglepickorigin>0,0,0</trianglepickorigin>
        <orientation>
          <row0>1,0,0</row0>
          <row1>0,-0.623691,-0.781669</row1>
          <row2>0,0.781669,-0.623691</row2>
        </orientation>
      </transform>
      <snapped>false</snapped>
      <childlist count="1">
        <childid>14</childid>
      </childlist>
      <isasymmetric>false</isasymmetric>
    </blockref>
    <blockref>
      <blockid>0x40626000, 0xd05c53a3</blockid>
      <transform>
        <scale>0.472618</scale>
        <position>0,0.371526,0.541345</position>
        <triangledirection>0,-0.841629,-0.540053</triangledirection>
        <trianglepickorigin>0,0,0</trianglepickorigin>
        <orientation>
          <row0>1,0,0</row0>
          <row1>0,-0.841629,-0.540053</row1>
          <row2>0,0.540053,-0.841629</row2>
        </orientation>
      </transform>
      <snapped>false</snapped>
      <childlist count="1">
        <childid>15</childid>
      </childlist>
      <isasymmetric>false</isasymmetric>
    </blockref>
    <blockref>
      <blockid>0x40626000, 0xd05c53a3</blockid>
      <transform>
        <scale>0.369616</scale>
        <position>0,0.274408,0.493939</position>
        <triangledirection>0,-0.943526,-0.331297</triangledirection>
        <trianglepickorigin>0,0,0</trianglepickorigin>
        <orientation>
          <row0>1,0,0</row0>
          <row1>0,-0.943526,-0.331297</row1>
          <row2>0,0.331297,-0.943526</row2>
        </orientation>
      </transform>
      <snapped>false</snapped>
      <isasymmetric>false</isasymmetric>
    </blockref>
    <blockref>
      <blockid>0x40626000, 0xfb60af37</blockid>
      <transform>
        <scale>1.077883</scale>
        <position>0,0.208688,1.252663</position>
        <triangledirection>0,0.989367,0.145437</triangledirection>
        <trianglepickorigin>0,0,0</trianglepickorigin>
        <orientation>
          <row0>1,0,0</row0>
          <row1>0,0.989367,0.145437</row1>
          <row2>0,-0.145437,0.989367</row2>
        </orientation>
      </transform>
      <snapped>false</snapped>
      <childlist count="2">
        <childid>18</childid>
        <childid>17</childid>
      </childlist>
      <handles count="3">
        <weight channel="0xd02751de">0.5</weight>
        <weight channel="0x2e6521f4">0.251673</weight>
        <weight channel="0x7cc96c02">0.628152</weight>
      </handles>
      <isasymmetric>false</isasymmetric>
    </blockref>
    <blockref>
      <blockid>0x40626000, 0x0330d834</blockid>
      <transform>
        <scale>1.161834</scale>
        <position>-0.0567746,0.190295,1.349905</position>
        <triangledirection>0.325931,0.934530,-0.142895</triangledirection>
        <trianglepickorigin>0,0,0</trianglepickorigin>
        <orientation>
          <row0>0.400824,-0.915540,-0.0335005</row0>
          <row1>0.304677,0.167695,-0.937575</row1>
          <row2>0.864008,0.365597,0.346161</row2>
        </orientation>
        <userorientation>
          <userorientation_row0>0.476191,0.879341,0</userorientation_row0>
          <userorientation_row1>-0.720173,0.389997,0.573804</userorientation_row1>
          <userorientation_row2>0.504570,-0.273241,0.818991</userorientation_row2>
        </userorientation>
      </transform>
      <snapped>false</snapped>
      <symmetric>18</symmetric>
      <isasymmetric>false</isasymmetric>
    </blockref>
    <blockref>
      <blockid>0x40626000, 0x4b1ae65a</blockid>
      <transform>
        <scale>1.161834</scale>
        <position>0.0567746,0.190295,1.349905</position>
        <triangledirection>-0.325931,0.934530,-0.142895</triangledirection>
        <trianglepickorigin>0,0,0</trianglepickorigin>
        <orientation>
          <row0>0.400824,0.915540,0.0335005</row0>
          <row1>-0.304677,0.167695,-0.937575</row1>
          <row2>-0.864008,0.365597,0.346161</row2>
        </orientation>
        <userorientation>
          <userorientation_row0>0.476191,-0.879341,-2.98021e-8</userorientation_row0>
          <userorientation_row1>0.720173,0.389997,0.573804</userorientation_row1>
          <userorientation_row2>-0.504570,-0.273241,0.818991</userorientation_row2>
        </userorientation>
      </transform>
      <snapped>false</snapped>
      <symmetric>17</symmetric>
      <isasymmetric>false</isasymmetric>
    </blockref>
    <blockref>
      <blockid>0x40626000, 0x2051ae2d</blockid>
      <transform>
        <limbtype>0</limbtype>
        <musclescale>0.349999</musclescale>
        <basemusclescale>0.800000</basemusclescale>
        <scale>1</scale>
        <position>0.181806,0.438311,1.205513</position>
        <triangledirection>-0.771857,-0.0273032,0.635208</triangledirection>
        <trianglepickorigin>0,0,0</trianglepickorigin>
        <orientation>
          <row0>0.478309,-0.683143,0.551844</row0>
          <row1>-0.771857,-0.0273032,0.635208</row1>
          <row2>-0.418870,-0.729771,-0.540350</row2>
        </orientation>
      </transform>
      <snapped>false</snapped>
      <childlist count="1">
        <childid>20</childid>
      </childlist>
      <symmetric>21</symmetric>
      <handles count="1">
        <weight channel="0xf320ba37">0.101838</weight>
      </handles>
      <isasymmetric>false</isasymmetric>
    </blockref>
    <blockref>
      <blockid>0x40626000, 0x2051ae2d</blockid>
      <transform>
        <limbtype>0</limbtype>
        <musclescale>0.349999</musclescale>
        <basemusclescale>0.999997</basemusclescale>
        <scale>1</scale>
        <position>0.441890,0.447512,0.991474</position>
        <triangledirection>0.0278523,0.639872,0.767975</triangledirection>
        <trianglepickorigin>0,0,0</trianglepickorigin>
        <orientation>
          <row0>0.478309,-0.683143,0.551844</row0>
          <row1>0.0278523,0.639872,0.767975</row1>
          <row2>-0.877749,-0.351960,0.325084</row2>
        </orientation>
      </transform>
      <snapped>true</snapped>
      <childlist count="1">
        <childid>24</childid>
      </childlist>
      <symmetric>22</symmetric>
      <handles count="1">
        <weight channel="0xf320ba37">0.0718574</weight>
      </handles>
      <isasymmetric>false</isasymmetric>
    </blockref>
    <blockref>
      <blockid>0x40626000, 0x2051ae2d</blockid>
      <transform>
        <limbtype>0</limbtype>
        <musclescale>0.349999</musclescale>
        <basemusclescale>0.800000</basemusclescale>
        <scale>1</scale>
        <position>-0.181806,0.438311,1.205513</position>
        <triangledirection>0.771857,-0.0273032,0.635208</triangledirection>
        <trianglepickorigin>0,0,0</trianglepickorigin>
        <orientation>
          <row0>0.478309,0.683143,-0.551844</row0>
          <row1>0.771857,-0.0273032,0.635208</row1>
          <row2>0.418870,-0.729771,-0.540350</row2>
        </orientation>
      </transform>
      <snapped>false</snapped>
      <childlist count="1">
        <childid>22</childid>
      </childlist>
      <symmetric>19</symmetric>
      <handles count="1">
        <weight channel="0xf320ba37">0.101838</weight>
      </handles>
      <isasymmetric>false</isasymmetric>
    </blockref>
    <blockref>
      <blockid>0x40626000, 0x2051ae2d</blockid>
      <transform>
        <limbtype>0</limbtype>
        <musclescale>0.349999</musclescale>
        <basemusclescale>0.999997</basemusclescale>
        <scale>1</scale>
        <position>-0.441890,0.447512,0.991474</position>
        <triangledirection>-0.0278523,0.639872,0.767975</triangledirection>
        <trianglepickorigin>0,0,0</trianglepickorigin>
        <orientation>
          <row0>0.478309,0.683143,-0.551844</row0>
          <row1>-0.0278523,0.639872,0.767975</row1>
          <row2>0.877749,-0.351960,0.325084</row2>
        </orientation>
      </transform>
      <snapped>true</snapped>
      <childlist count="1">
        <childid>23</childid>
      </childlist>
      <symmetric>20</symmetric>
      <handles count="1">
        <weight channel="0xf320ba37">0.0718574</weight>
      </handles>
      <isasymmetric>false</isasymmetric>
    </blockref>
    <blockref>
      <blockid>0x40626000, 0xce0a464f</blockid>
      <transform>
        <basemusclescale>1.097818</basemusclescale>
        <scale>1.252321</scale>
        <position>-0.434980,0.288787,0.800974</position>
        <triangledirection>-0.245804,0.328426,0.911983</triangledirection>
        <trianglepickorigin>0,0,0</trianglepickorigin>
        <orientation>
          <row0>0.145870,-0.757448,0.636390</row0>
          <row1>-0.0278523,0.639872,0.767974</row1>
          <row2>-0.988910,-0.129750,0.0722426</row2>
        </orientation>
        <userorientation>
          <userorientation_row0>0.616352,0.0297625,-0.786907</userorientation_row0>
          <userorientation_row1>0.295756,0.917379,0.266350</userorientation_row1>
          <userorientation_row2>0.729820,-0.396899,0.556626</userorientation_row2>
        </userorientation>
      </transform>
      <snapped>true</snapped>
      <symmetric>24</symmetric>
      <isasymmetric>false</isasymmetric>
    </blockref>
    <blockref>
      <blockid>0x40626000, 0xd82377e9</blockid>
      <transform>
        <basemusclescale>1.097818</basemusclescale>
        <scale>1.252321</scale>
        <position>0.434980,0.288787,0.800974</position>
        <triangledirection>0.245804,0.328426,0.911983</triangledirection>
        <trianglepickorigin>0,0,0</trianglepickorigin>
        <orientation>
          <row0>0.145870,0.757448,-0.636390</row0>
          <row1>0.0278523,0.639872,0.767974</row1>
          <row2>0.988910,-0.129750,0.0722426</row2>
        </orientation>
        <userorientation>
          <userorientation_row0>0.616352,-0.0297625,0.786907</userorientation_row0>
          <userorientation_row1>-0.295756,0.917379,0.266350</userorientation_row1>
          <userorientation_row2>-0.729820,-0.396898,0.556626</userorientation_row2>
        </userorientation>
      </transform>
      <snapped>true</snapped>
      <symmetric>23</symmetric>
      <isasymmetric>false</isasymmetric>
    </blockref>
    <blockref>
      <blockid>0x40626000, 0xdec3c22a</blockid>
      <transform>
        <limbtype>0</limbtype>
        <musclescale>0.824998</musclescale>
        <basemusclescale>0.899999</basemusclescale>
        <scale>1</scale>
        <position>-0.127044,0.371679,0.658002</position>
        <triangledirection>0.370297,0.448000,0.813740</triangledirection>
        <trianglepickorigin>0,0,0</trianglepickorigin>
        <orientation>
          <row0>-0.891512,0.417465,0.175854</row0>
          <row1>0.370297,0.448000,0.813740</row1>
          <row2>0.260924,0.790579,-0.553986</row2>
        </orientation>
      </transform>
      <snapped>false</snapped>
      <childlist count="1">
        <childid>26</childid>
      </childlist>
      <symmetric>28</symmetric>
      <handles count="1">
        <weight channel="0xf320ba37">0.0864361</weight>
      </handles>
      <isasymmetric>false</isasymmetric>
    </blockref>
    <blockref>
      <blockid>0x40626000, 0x33fccc91</blockid>
      <transform>
        <limbtype>0</limbtype>
        <musclescale>0.125</musclescale>
        <basemusclescale>0.5</basemusclescale>
        <scale>1</scale>
        <position>-0.233214,0.243230,0.424692</position>
        <triangledirection>-0.335161,-0.869044,0.363907</triangledirection>
        <trianglepickorigin>0,0,0</trianglepickorigin>
        <orientation>
          <row0>-0.891514,0.417465,0.175854</row0>
          <row1>-0.335161,-0.869044,0.363907</row1>
          <row2>0.304744,0.265489,0.914682</row2>
        </orientation>
      </transform>
      <snapped>true</snapped>
      <childlist count="1">
        <childid>27</childid>
      </childlist>
      <symmetric>29</symmetric>
      <handles count="1">
        <weight channel="0xf320ba37">0.0626585</weight>
      </handles>
      <isasymmetric>false</isasymmetric>
    </blockref>
    <blockref>
      <blockid>0x40626000, 0x33fccc91</blockid>
      <transform>
        <limbtype>0</limbtype>
        <musclescale>0</musclescale>
        <basemusclescale>0.598320</basemusclescale>
        <scale>1</scale>
        <position>-0.159216,0.435099,0.344348</position>
        <triangledirection>0.348273,0.350259,0.869495</triangledirection>
        <trianglepickorigin>0,0,0</trianglepickorigin>
        <orientation>
          <row0>0.887973,-0.420471,-0.186294</row0>
          <row1>0.348273,0.350259,0.869495</row1>
          <row2>-0.300347,-0.836970,0.457459</row2>
        </orientation>
      </transform>
      <snapped>true</snapped>
      <childlist count="1">
        <childid>31</childid>
      </childlist>
      <symmetric>30</symmetric>
      <handles count="1">
        <weight channel="0xf320ba37">0.0504563</weight>
      </handles>
      <isasymmetric>false</isasymmetric>
    </blockref>
    <blockref>
      <blockid>0x40626000, 0xdec3c22a</blockid>
      <transform>
        <limbtype>0</limbtype>
        <musclescale>0.824998</musclescale>
        <basemusclescale>0.899999</basemusclescale>
        <scale>1</scale>
        <position>0.127044,0.371679,0.658002</position>
        <triangledirection>-0.370297,0.448000,0.813740</triangledirection>
        <trianglepickorigin>0,0,0</trianglepickorigin>
        <orientation>
          <row0>-0.891512,-0.417465,-0.175854</row0>
          <row1>-0.370297,0.448000,0.813740</row1>
          <row2>-0.260924,0.790579,-0.553986</row2>
        </orientation>
      </transform>
      <snapped>false</snapped>
      <childlist count="1">
        <childid>29</childid>
      </childlist>
      <symmetric>25</symmetric>
      <handles count="1">
        <weight channel="0xf320ba37">0.0864361</weight>
      </handles>
      <isasymmetric>false</isasymmetric>
    </blockref>
    <blockref>
      <blockid>0x40626000, 0x33fccc91</blockid>
      <transform>
        <limbtype>0</limbtype>
        <musclescale>0.125</musclescale>
        <basemusclescale>0.550000</basemusclescale>
        <scale>1</scale>
        <position>0.233214,0.243230,0.424692</position>
        <triangledirection>0.335161,-0.869044,0.363907</triangledirection>
        <trianglepickorigin>0,0,0</trianglepickorigin>
        <orientation>
          <row0>-0.891514,-0.417465,-0.175854</row0>
          <row1>0.335161,-0.869044,0.363907</row1>
          <row2>-0.304744,0.265489,0.914682</row2>
        </orientation>
      </transform>
      <snapped>true</snapped>
      <childlist count="1">
        <childid>30</childid>
      </childlist>
      <symmetric>26</symmetric>
      <handles count="1">
        <weight channel="0xf320ba37">0.0626585</weight>
      </handles>
      <isasymmetric>false</isasymmetric>
    </blockref>
    <blockref>
      <blockid>0x40626000, 0x33fccc91</blockid>
      <transform>
        <limbtype>0</limbtype>
        <musclescale>0</musclescale>
        <basemusclescale>0.598320</basemusclescale>
        <scale>1</scale>
        <position>0.159216,0.435099,0.344348</position>
        <triangledirection>-0.348273,0.350259,0.869495</triangledirection>
        <trianglepickorigin>0,0,0</trianglepickorigin>
        <orientation>
          <row0>0.887973,0.420471,0.186295</row0>
          <row1>-0.348273,0.350259,0.869495</row1>
          <row2>0.300347,-0.836970,0.457459</row2>
        </orientation>
      </transform>
      <snapped>true</snapped>
      <childlist count="1">
        <childid>32</childid>
      </childlist>
      <symmetric>27</symmetric>
      <handles count="1">
        <weight channel="0xf320ba37">0.0504563</weight>
      </handles>
      <isasymmetric>false</isasymmetric>
    </blockref>
    <blockref>
      <blockid>0x40626000, 0x5b479808</blockid>
      <transform>
        <basemusclescale>1.363787</basemusclescale>
        <scale>1.349858</scale>
        <position>-0.223508,0.370440,0.183834</position>
        <triangledirection>0,1,0</triangledirection>
        <trianglepickorigin>0,0,0</trianglepickorigin>
        <orientation>
          <row0>1,0,0</row0>
          <row1>0,1,0</row1>
          <row2>0,0,1</row2>
        </orientation>
      </transform>
      <snapped>true</snapped>
      <symmetric>32</symmetric>
      <handles count="1">
        <weight channel="0x2e6521f4">0.170053</weight>
      </handles>
      <isasymmetric>false</isasymmetric>
    </blockref>
    <blockref>
      <blockid>0x40626000, 0x540e5be6</blockid>
      <transform>
        <basemusclescale>1.363787</basemusclescale>
        <scale>1.349858</scale>
        <position>0.223508,0.370440,0.183834</position>
        <triangledirection>0,1,0</triangledirection>
        <trianglepickorigin>0,0,0</trianglepickorigin>
        <orientation>
          <row0>1,0,0</row0>
          <row1>0,1,0</row1>
          <row2>0,0,1</row2>
        </orientation>
      </transform>
      <snapped>true</snapped>
      <symmetric>31</symmetric>
      <handles count="1">
        <weight channel="0x2e6521f4">0.170053</weight>
      </handles>
      <isasymmetric>false</isasymmetric>
    </blockref>
    <blockref>
      <blockid>0x40686000, 0x2c587a29</blockid>
      <transform>
        <scale>1.161834</scale>
        <position>0,0.149231,1.957007</position>
        <triangledirection>0,0.140321,-0.990105</triangledirection>
        <trianglepickorigin>0,0,0</trianglepickorigin>
        <orientation>
          <row0>0,-0.990105,-0.140321</row0>
          <row1>0,0.140321,-0.990105</row1>
          <row2>1,0,0</row2>
        </orientation>
      </transform>
      <snapped>false</snapped>
      <childlist count="1">
        <childid>34</childid>
      </childlist>
      <handles count="2">
        <weight channel="0x7cc96c02">0.521175</weight>
        <weight channel="0xd02751de">0.550059</weight>
      </handles>
      <isasymmetric>false</isasymmetric>
    </blockref>
    <blockref>
      <blockid>0x40686000, 0x7930b1a0</blockid>
      <transform>
        <scale>1</scale>
        <position>0,0.237477,2.342483</position>
        <triangledirection>-1.87442e-6,-0.463645,-0.886020</triangledirection>
        <trianglepickorigin>0,0,0</trianglepickorigin>
        <orientation>
          <row0>-1,3.39576e-6,3.38582e-7</row0>
          <row1>-3.11840e-6,-0.868981,-0.494845</row1>
          <row2>-1.38615e-6,-0.494845,0.868981</row2>
        </orientation>
        <userorientation>
          <userorientation_row0>1,0,0</userorientation_row0>
          <userorientation_row1>0,0.841341,-0.540502</userorientation_row1>
          <userorientation_row2>0,0.540502,0.841341</userorientation_row2>
        </userorientation>
      </transform>
      <snapped>false</snapped>
      <handles count="1">
        <weight channel="0x2e6521f4">1</weight>
      </handles>
      <isasymmetric>false</isasymmetric>
    </blockref>
    <blockref>
      <blockid>0x40686000, 0x41a96420</blockid>
      <transform>
        <scale>0.687287</scale>
        <position>0.101469,0.245995,0.974645</position>
        <triangledirection>-0.570416,0.752686,-0.328763</triangledirection>
        <trianglepickorigin>0,0,0</trianglepickorigin>
        <orientation>
          <row0>0.833079,0.553152,7.45058e-9</row0>
          <row1>-0.552869,0.832653,0.0319606</row1>
          <row2>0.0176791,-0.0266258,0.999489</row2>
        </orientation>
        <userorientation>
          <userorientation_row0>0.998009,0.0630493,0</userorientation_row0>
          <userorientation_row1>-0.0588531,0.931586,-0.358720</userorientation_row1>
          <userorientation_row2>-0.0226169,0.358007,0.933444</userorientation_row2>
        </userorientation>
      </transform>
      <snapped>false</snapped>
      <symmetric>36</symmetric>
      <handles count="2">
        <weight channel="0x2e6521f4">0.501541</weight>
        <weight channel="0xd02751de">0.510276</weight>
      </handles>
      <isasymmetric>false</isasymmetric>
    </blockref>
    <blockref>
      <blockid>0x40686000, 0xea5fdd96</blockid>
      <transform>
        <scale>0.687287</scale>
        <position>-0.101469,0.245995,0.974645</position>
        <triangledirection>0.570416,0.752686,-0.328763</triangledirection>
        <trianglepickorigin>0,0,0</trianglepickorigin>
        <orientation>
          <row0>0.833079,-0.553152,-7.45058e-9</row0>
          <row1>0.552869,0.832653,0.0319606</row1>
          <row2>-0.0176791,-0.0266258,0.999489</row2>
        </orientation>
        <userorientation>
          <userorientation_row0>0.998009,-0.0630493,0</userorientation_row0>
          <userorientation_row1>0.0588531,0.931586,-0.358720</userorientation_row1>
          <userorientation_row2>0.0226169,0.358007,0.933444</userorientation_row2>
        </userorientation>
      </transform>
      <snapped>false</snapped>
      <symmetric>35</symmetric>
      <handles count="2">
        <weight channel="0x2e6521f4">0.501541</weight>
        <weight channel="0xd02751de">0.510276</weight>
      </handles>
      <isasymmetric>false</isasymmetric>
    </blockref>
    <blockref>
      <blockid>0x40686000, 0x8b48afe9</blockid>
      <transform>
        <scale>1.568312</scale>
        <position>0,0.556728,0.800275</position>
        <triangledirection>0,-0.801042,-0.598604</triangledirection>
        <trianglepickorigin>0,0,0</trianglepickorigin>
        <orientation>
          <row0>-1,0,0</row0>
          <row1>0,-0.979405,0.201895</row1>
          <row2>0,0.201895,0.979405</row2>
        </orientation>
        <userorientation>
          <userorientation_row0>1,0,0</userorientation_row0>
          <userorientation_row1>0,0.663690,-0.748004</userorientation_row1>
          <userorientation_row2>0,0.748004,0.663690</userorientation_row2>
        </userorientation>
      </transform>
      <snapped>false</snapped>
      <handles count="2">
        <weight channel="0x2e6521f4">0.482710</weight>
        <weight channel="0xd02751de">1</weight>
      </handles>
      <isasymmetric>false</isasymmetric>
    </blockref>
    <blockref>
      <blockid>0x40686000, 0xc774461f</blockid>
      <transform>
        <scale>1.568312</scale>
        <position>0.133597,0.468861,0.754212</position>
        <triangledirection>-0.689006,-0.374859,-0.620280</triangledirection>
        <trianglepickorigin>0,0,0</trianglepickorigin>
        <orientation>
          <row0>-0.477903,0.878410,-3.87429e-7</row0>
          <row1>-0.864848,-0.470526,0.175044</row1>
          <row2>0.153760,0.0836552,0.984560</row2>
        </orientation>
        <userorientation>
          <userorientation_row0>1,0,0</userorientation_row0>
          <userorientation_row1>0,0.663690,-0.748004</userorientation_row1>
          <userorientation_row2>0,0.748004,0.663690</userorientation_row2>
        </userorientation>
      </transform>
      <snapped>false</snapped>
      <symmetric>39</symmetric>
      <handles count="2">
        <weight channel="0x2e6521f4">0.482710</weight>
        <weight channel="0xd02751de">1</weight>
      </handles>
      <isasymmetric>false</isasymmetric>
    </blockref>
    <blockref>
      <blockid>0x40686000, 0x8b48afe9</blockid>
      <transform>
        <scale>1.568312</scale>
        <position>-0.133597,0.468861,0.754212</position>
        <triangledirection>0.689006,-0.374859,-0.620280</triangledirection>
        <trianglepickorigin>0,0,0</trianglepickorigin>
        <orientation>
          <row0>-0.477903,-0.878410,3.87429e-7</row0>
          <row1>0.864848,-0.470526,0.175044</row1>
          <row2>-0.153760,0.0836552,0.984560</row2>
        </orientation>
        <userorientation>
          <userorientation_row0>1,0,0</userorientation_row0>
          <userorientation_row1>0,0.663690,-0.748004</userorientation_row1>
          <userorientation_row2>0,0.748004,0.663690</userorientation_row2>
        </userorientation>
      </transform>
      <snapped>false</snapped>
      <symmetric>38</symmetric>
      <handles count="2">
        <weight channel="0x2e6521f4">0.482710</weight>
        <weight channel="0xd02751de">1</weight>
      </handles>
      <isasymmetric>false</isasymmetric>
    </blockref>
    <blockref>
      <blockid>0x40686000, 0x8b48afe9</blockid>
      <transform>
        <scale>1.568312</scale>
        <position>0,0.240261,0.790655</position>
        <triangledirection>0,0.738789,-0.673934</triangledirection>
        <trianglepickorigin>0,0,0</trianglepickorigin>
        <orientation>
          <row0>1,0,0</row0>
          <row1>0,0.994436,0.105333</row1>
          <row2>0,-0.105333,0.994436</row2>
        </orientation>
        <userorientation>
          <userorientation_row0>1,0,0</userorientation_row0>
          <userorientation_row1>0,0.663690,-0.748004</userorientation_row1>
          <userorientation_row2>0,0.748004,0.663690</userorientation_row2>
        </userorientation>
      </transform>
      <snapped>false</snapped>
      <handles count="2">
        <weight channel="0x2e6521f4">0.482710</weight>
        <weight channel="0xd02751de">1</weight>
      </handles>
      <isasymmetric>false</isasymmetric>
    </blockref>
    <blockref>
      <blockid>0x40686000, 0x66de5d57</blockid>
      <transform>
        <scale>1</scale>
        <position>0.0889791,0.562618,1.170096</position>
        <triangledirection>0,-0.999257,-0.0385380</triangledirection>
        <trianglepickorigin>0,0,0</trianglepickorigin>
        <orientation>
          <row0>-1,0,0</row0>
          <row1>0,-0.999257,-0.0385380</row1>
          <row2>0,-0.0385380,0.999257</row2>
        </orientation>
      </transform>
      <snapped>false</snapped>
      <symmetric>42</symmetric>
      <handles count="2">
        <weight channel="0x2e6521f4">0.503539</weight>
        <weight channel="0x7cc96c02">0.283210</weight>
      </handles>
      <isasymmetric>false</isasymmetric>
    </blockref>
    <blockref>
      <blockid>0x40686000, 0x66de5d57</blockid>
      <transform>
        <scale>1</scale>
        <position>-0.0889791,0.562618,1.170096</position>
        <triangledirection>0,-0.999257,-0.0385380</triangledirection>
        <trianglepickorigin>0,0,0</trianglepickorigin>
        <orientation>
          <row0>-1,0,0</row0>
          <row1>0,-0.999257,-0.0385380</row1>
          <row2>0,-0.0385380,0.999257</row2>
        </orientation>
      </transform>
      <snapped>false</snapped>
      <symmetric>41</symmetric>
      <handles count="2">
        <weight channel="0x2e6521f4">0.503539</weight>
        <weight channel="0x7cc96c02">0.283210</weight>
      </handles>
      <isasymmetric>false</isasymmetric>
    </blockref>
    <blockref>
      <blockid>0x40686000, 0x7930b1a0</blockid>
      <transform>
        <scale>1.568312</scale>
        <position>0,0.584639,1.165130</position>
        <triangledirection>0,-0.968636,-0.248477</triangledirection>
        <trianglepickorigin>0,0,0</trianglepickorigin>
        <orientation>
          <row0>-1,0,0</row0>
          <row1>0,-0.999602,-0.0281674</row1>
          <row2>0,-0.0281674,0.999602</row2>
        </orientation>
        <userorientation>
          <userorientation_row0>1,0,0</userorientation_row0>
          <userorientation_row1>0,0.975251,-0.221094</userorientation_row1>
          <userorientation_row2>0,0.221094,0.975251</userorientation_row2>
        </userorientation>
      </transform>
      <snapped>false</snapped>
      <handles count="1">
        <weight channel="0x2e6521f4">0</weight>
      </handles>
      <isasymmetric>false</isasymmetric>
    </blockref>
    <blockref>
      <blockid>0x40686000, 0x66de5d57</blockid>
      <transform>
        <scale>1</scale>
        <position>-0.155900,0.499161,1.085409</position>
        <triangledirection>0.841042,-0.540790,0.0138250</triangledirection>
        <trianglepickorigin>0,0,0</trianglepickorigin>
        <orientation>
          <row0>-0.540841,-0.841122,-3.72529e-9</row0>
          <row1>0.841042,-0.540790,0.0138250</row1>
          <row2>-0.0116285,0.00747714,0.999903</row2>
        </orientation>
      </transform>
      <snapped>false</snapped>
      <symmetric>45</symmetric>
      <handles count="2">
        <weight channel="0x2e6521f4">0.503539</weight>
        <weight channel="0x7cc96c02">0.283210</weight>
      </handles>
      <isasymmetric>false</isasymmetric>
    </blockref>
    <blockref>
      <blockid>0x40686000, 0x66de5d57</blockid>
      <transform>
        <scale>1</scale>
        <position>0.155900,0.499161,1.085409</position>
        <triangledirection>-0.841042,-0.540790,0.0138250</triangledirection>
        <trianglepickorigin>0,0,0</trianglepickorigin>
        <orientation>
          <row0>-0.540841,0.841122,3.72529e-9</row0>
          <row1>-0.841042,-0.540790,0.0138250</row1>
          <row2>0.0116285,0.00747714,0.999903</row2>
        </orientation>
      </transform>
      <snapped>false</snapped>
      <symmetric>44</symmetric>
      <handles count="2">
        <weight channel="0x2e6521f4">0.503539</weight>
        <weight channel="0x7cc96c02">0.283210</weight>
      </handles>
      <isasymmetric>false</isasymmetric>
    </blockref>
    <blockref>
      <blockid>0x40686000, 0x66de5d57</blockid>
      <transform>
        <scale>1</scale>
        <position>-0.184045,0.373575,1.036102</position>
        <triangledirection>0.989955,0.141222,0.00664011</triangledirection>
        <trianglepickorigin>0,0,0</trianglepickorigin>
        <orientation>
          <row0>0.141224,-0.989977,-4.88943e-9</row0>
          <row1>0.989955,0.141222,0.00664011</row1>
          <row2>-0.00657356,-0.000937755,0.999976</row2>
        </orientation>
      </transform>
      <snapped>false</snapped>
      <symmetric>47</symmetric>
      <handles count="2">
        <weight channel="0x2e6521f4">0.503539</weight>
        <weight channel="0x7cc96c02">0.283210</weight>
      </handles>
      <isasymmetric>false</isasymmetric>
    </blockref>
    <blockref>
      <blockid>0x40686000, 0x66de5d57</blockid>
      <transform>
        <scale>1</scale>
        <position>0.184045,0.373575,1.036102</position>
        <triangledirection>-0.989955,0.141222,0.00664011</triangledirection>
        <trianglepickorigin>0,0,0</trianglepickorigin>
        <orientation>
          <row0>0.141224,0.989977,4.88943e-9</row0>
          <row1>-0.989955,0.141222,0.00664011</row1>
          <row2>0.00657356,-0.000937755,0.999976</row2>
        </orientation>
      </transform>
