<?xml version="1.0" encoding="UTF-8"?><sporemodel>
  <formatversion>18</formatversion>
  <properties>
    <modeltype>0x9ea3031a</modeltype>
    <skineffect1>0x186abfa2</skineffect1>
    <skineffect2>0xfaf08f43</skineffect2>
    <skineffect3>0xdd5391a5</skineffect3>
    <skineffectseed1>1234</skineffectseed1>
    <skineffectseed2>1234</skineffectseed2>
    <skineffectseed3>8622</skineffectseed3>
    <skincolor1>0.345097,0.443136,0.203921</skincolor1>
    <skincolor2>0.972549,0.749019,0.262744</skincolor2>
    <skincolor3>0.949019,0.905882,0.427451</skincolor3>
    <zcorpscore>48</zcorpscore>
  </properties>
  <blocks count="61">
    <blockref>
      <blockid>0x40626000, 0xd05c53a3</blockid>
      <transform>
        <scale>0.855247</scale>
        <position>0,-0.0251796,1.008597</position>
        <triangledirection>0,0.845472,-0.534017</triangledirection>
        <trianglepickorigin>0,0,0</trianglepickorigin>
        <orientation>
          <row0>1,0,0</row0>
          <row1>0,0.845472,-0.534017</row1>
          <row2>0,0.534017,0.845472</row2>
        </orientation>
      </transform>
      <snapped>false</snapped>
      <childlist count="1">
        <childid>1</childid>
      </childlist>
      <isasymmetric>false</isasymmetric>
    </blockref>
    <blockref>
      <blockid>0x40626000, 0xd05c53a3</blockid>
      <transform>
        <scale>1.209470</scale>
        <position>0,0.0639783,0.944262</position>
        <triangledirection>0,0.773286,-0.634055</triangledirection>
        <trianglepickorigin>0,0,0</trianglepickorigin>
        <orientation>
          <row0>1,0,0</row0>
          <row1>0,0.773286,-0.634055</row1>
          <row2>0,0.634055,0.773286</row2>
        </orientation>
      </transform>
      <snapped>false</snapped>
      <childlist count="5">
        <childid>44</childid>
        <childid>43</childid>
        <childid>23</childid>
        <childid>20</childid>
        <childid>2</childid>
      </childlist>
      <isasymmetric>false</isasymmetric>
    </blockref>
    <blockref>
      <blockid>0x40626000, 0xd05c53a3</blockid>
      <transform>
        <scale>0.982002</scale>
        <position>0,0.150843,0.873871</position>
        <triangledirection>0,0.780559,-0.625081</triangledirection>
        <trianglepickorigin>0,0,0</trianglepickorigin>
        <orientation>
          <row0>1,0,0</row0>
          <row1>0,0.780559,-0.625081</row1>
          <row2>0,0.625081,0.780559</row2>
        </orientation>
      </transform>
      <snapped>false</snapped>
      <childlist count="3">
        <childid>46</childid>
        <childid>45</childid>
        <childid>3</childid>
      </childlist>
      <isasymmetric>false</isasymmetric>
    </blockref>
    <blockref>
      <blockid>0x40626000, 0xd05c53a3</blockid>
      <transform>
        <scale>0.981180</scale>
        <position>0,0.237483,0.803654</position>
        <triangledirection>0,0.773194,-0.634168</triangledirection>
        <trianglepickorigin>0,0,0</trianglepickorigin>
        <orientation>
          <row0>1,0,0</row0>
          <row1>0,0.773194,-0.634168</row1>
          <row2>0,0.634168,0.773194</row2>
        </orientation>
      </transform>
      <snapped>false</snapped>
      <childlist count="3">
        <childid>48</childid>
        <childid>47</childid>
        <childid>4</childid>
      </childlist>
      <isasymmetric>false</isasymmetric>
    </blockref>
    <blockref>
      <blockid>0x40626000, 0xd05c53a3</blockid>
      <transform>
        <scale>0.850005</scale>
        <position>0,0.331142,0.739745</position>
        <triangledirection>0,0.872425,-0.488747</triangledirection>
        <trianglepickorigin>0,0,0</trianglepickorigin>
        <orientation>
          <row0>1,0,0</row0>
          <row1>0,0.872425,-0.488747</row1>
          <row2>0,0.488747,0.872425</row2>
        </orientation>
      </transform>
      <snapped>false</snapped>
      <childlist count="1">
        <childid>10</childid>
      </childlist>
      <isasymmetric>false</isasymmetric>
    </blockref>
    <blockref>
      <blockid>0x40626000, 0xd05c53a3</blockid>
      <transform>
        <scale>0.887256</scale>
        <position>0,-0.119404,1.068737</position>
        <triangledirection>0,0.840385,-0.541989</triangledirection>
        <trianglepickorigin>0,0,0</trianglepickorigin>
        <orientation>
          <row0>1,0,0</row0>
          <row1>0,0.840385,-0.541989</row1>
          <row2>0,0.541989,0.840385</row2>
        </orientation>
      </transform>
      <snapped>false</snapped>
      <childlist count="3">
        <childid>42</childid>
        <childid>41</childid>
        <childid>0</childid>
      </childlist>
      <isasymmetric>false</isasymmetric>
    </blockref>
    <blockref>
      <blockid>0x40626000, 0xd05c53a3</blockid>
      <transform>
        <scale>0.768562</scale>
        <position>0,-0.214658,1.124969</position>
        <triangledirection>0,0.880550,-0.473951</triangledirection>
        <trianglepickorigin>0,0,0</trianglepickorigin>
        <orientation>
          <row0>1,0,0</row0>
          <row1>0,0.880550,-0.473951</row1>
          <row2>0,0.473951,0.880550</row2>
        </orientation>
      </transform>
      <snapped>false</snapped>
      <childlist count="5">
        <childid>38</childid>
        <childid>37</childid>
        <childid>30</childid>
        <childid>28</childid>
        <childid>5</childid>
      </childlist>
      <isasymmetric>false</isasymmetric>
    </blockref>
    <blockref>
      <blockid>0x40626000, 0xd05c53a3</blockid>
      <transform>
        <scale>0.624648</scale>
        <position>0,-0.314392,1.171679</position>
        <triangledirection>0,0.927841,-0.372974</triangledirection>
        <trianglepickorigin>0,0,0</trianglepickorigin>
        <orientation>
          <row0>0.999998,0,0</row0>
          <row1>0,0.927841,-0.372974</row1>
          <row2>0,0.372974,0.927841</row2>
        </orientation>
      </transform>
      <snapped>false</snapped>
      <childlist count="3">
        <childid>36</childid>
        <childid>35</childid>
        <childid>6</childid>
      </childlist>
      <isasymmetric>false</isasymmetric>
    </blockref>
    <blockref>
      <blockid>0x40626000, 0xd05c53a3</blockid>
      <transform>
        <scale>0.541652</scale>
        <position>0,-0.418749,1.201622</position>
        <triangledirection>0,0.984436,-0.175733</triangledirection>
        <trianglepickorigin>0,0,0</trianglepickorigin>
        <orientation>
          <row0>1,0,0</row0>
          <row1>0,0.984436,-0.175733</row1>
          <row2>0,0.175733,0.984436</row2>
        </orientation>
      </transform>
      <snapped>false</snapped>
      <childlist count="1">
        <childid>7</childid>
      </childlist>
      <isasymmetric>false</isasymmetric>
    </blockref>
    <blockref>
      <blockid>0x40626000, 0xd05c53a3</blockid>
      <transform>
        <scale>0.524405</scale>
        <position>0,-0.524398,1.201657</position>
        <triangledirection>0,0.984551,0.175096</triangledirection>
        <trianglepickorigin>0,0,0</trianglepickorigin>
        <orientation>
          <row0>0.999998,0,0</row0>
          <row1>0,0.984551,0.175096</row1>
          <row2>0,-0.175096,0.984551</row2>
        </orientation>
      </transform>
      <snapped>false</snapped>
      <childlist count="3">
        <childid>40</childid>
        <childid>39</childid>
        <childid>8</childid>
      </childlist>
      <isasymmetric>false</isasymmetric>
    </blockref>
    <blockref>
      <blockid>0x40626000, 0xd05c53a3</blockid>
      <transform>
        <scale>0.717505</scale>
        <position>0,0.439431,0.703288</position>
        <triangledirection>0,0.990378,-0.138384</triangledirection>
        <trianglepickorigin>0,0,0</trianglepickorigin>
        <orientation>
          <row0>1,0,0</row0>
          <row1>0,0.990378,-0.138384</row1>
          <row2>0,0.138384,0.990378</row2>
        </orientation>
      </transform>
      <snapped>false</snapped>
      <childlist count="3">
        <childid>50</childid>
        <childid>49</childid>
        <childid>11</childid>
      </childlist>
      <isasymmetric>false</isasymmetric>
    </blockref>
    <blockref>
      <blockid>0x40626000, 0xd05c53a3</blockid>
      <transform>
        <scale>0.610755</scale>
        <position>0,0.552125,0.694884</position>
        <triangledirection>0,0.999948,-0.0100578</triangledirection>
        <trianglepickorigin>0,0,0</trianglepickorigin>
        <orientation>
          <row0>0.999998,0,0</row0>
          <row1>0,0.999948,-0.0100578</row1>
          <row2>0,0.0100578,0.999948</row2>
        </orientation>
      </transform>
      <snapped>false</snapped>
      <childlist count="3">
        <childid>52</childid>
        <childid>51</childid>
        <childid>14</childid>
      </childlist>
      <isasymmetric>false</isasymmetric>
    </blockref>
    <blockref>
      <blockid>0x40626000, 0xd05c53a3</blockid>
      <transform>
        <scale>0.391763</scale>
        <position>0,-0.634182,1.181730</position>
        <triangledirection>0,0.983282,0.182086</triangledirection>
        <trianglepickorigin>0,0,0</trianglepickorigin>
        <orientation>
          <row0>1,0,0</row0>
          <row1>0,0.983282,0.182086</row1>
          <row2>0,-0.182086,0.983282</row2>
        </orientation>
      </transform>
      <snapped>false</snapped>
      <childlist count="3">
        <childid>58</childid>
        <childid>57</childid>
        <childid>9</childid>
      </childlist>
      <isasymmetric>false</isasymmetric>
    </blockref>
    <blockref>
      <blockid>0x40626000, 0xd05c53a3</blockid>
      <transform>
        <scale>0.338411</scale>
        <position>0,-0.747259,1.171908</position>
        <triangledirection>0,0.999951,-0.00980996</triangledirection>
        <trianglepickorigin>0,0,0</trianglepickorigin>
        <orientation>
          <row0>1,0,0</row0>
          <row1>0,0.999951,-0.00980996</row1>
          <row2>0,0.00980996,0.999951</row2>
        </orientation>
      </transform>
      <snapped>false</snapped>
      <childlist count="2">
        <childid>34</childid>
        <childid>12</childid>
      </childlist>
      <isasymmetric>false</isasymmetric>
    </blockref>
    <blockref>
      <blockid>0x40626000, 0xd05c53a3</blockid>
      <transform>
        <scale>0.549678</scale>
        <position>0,0.664583,0.715148</position>
        <triangledirection>0,0.933538,0.358473</triangledirection>
        <trianglepickorigin>0,0,0</trianglepickorigin>
        <orientation>
          <row0>0.999998,0,0</row0>
          <row1>0,0.933538,0.358473</row1>
          <row2>0,-0.358473,0.933538</row2>
        </orientation>
      </transform>
      <snapped>false</snapped>
      <childlist count="1">
        <childid>15</childid>
      </childlist>
      <isasymmetric>false</isasymmetric>
    </blockref>
    <blockref>
      <blockid>0x40626000, 0xd05c53a3</blockid>
      <transform>
        <scale>0.483520</scale>
        <position>0,0.768925,0.754518</position>
        <triangledirection>0,0.937658,0.347555</triangledirection>
        <trianglepickorigin>0,0,0</trianglepickorigin>
        <orientation>
          <row0>1,0,0</row0>
          <row1>0,0.937658,0.347555</row1>
          <row2>0,-0.347555,0.937658</row2>
        </orientation>
      </transform>
      <snapped>false</snapped>
      <childlist count="3">
        <childid>56</childid>
        <childid>55</childid>
        <childid>16</childid>
      </childlist>
      <isasymmetric>false</isasymmetric>
    </blockref>
    <blockref>
      <blockid>0x40626000, 0xd05c53a3</blockid>
      <transform>
        <scale>0.415096</scale>
        <position>0,0.873093,0.796505</position>
        <triangledirection>0,0.916583,0.399843</triangledirection>
        <trianglepickorigin>0,0,0</trianglepickorigin>
        <orientation>
          <row0>1,0,0</row0>
          <row1>0,0.916583,0.399843</row1>
          <row2>0,-0.399843,0.916583</row2>
        </orientation>
      </transform>
      <snapped>false</snapped>
      <childlist count="2">
        <childid>53</childid>
        <childid>17</childid>
      </childlist>
      <isasymmetric>false</isasymmetric>
    </blockref>
    <blockref>
      <blockid>0x40626000, 0xd05c53a3</blockid>
      <transform>
        <scale>0.372090</scale>
        <position>0,0.975310,0.841813</position>
        <triangledirection>0,0.911818,0.410593</triangledirection>
        <trianglepickorigin>0,0,0</trianglepickorigin>
        <orientation>
          <row0>1,0,0</row0>
          <row1>0,0.911818,0.410593</row1>
          <row2>0,-0.410593,0.911818</row2>
        </orientation>
      </transform>
      <snapped>false</snapped>
      <childlist count="1">
        <childid>18</childid>
      </childlist>
      <isasymmetric>false</isasymmetric>
    </blockref>
    <blockref>
      <blockid>0x40626000, 0xd05c53a3</blockid>
      <transform>
        <scale>0.280000</scale>
        <position>0,1.077352,0.886554</position>
        <triangledirection>0,0.919764,0.392468</triangledirection>
        <trianglepickorigin>0,0,0</trianglepickorigin>
        <orientation>
          <row0>0.999998,0,0</row0>
          <row1>0,0.919764,0.392468</row1>
          <row2>0,-0.392468,0.919764</row2>
        </orientation>
      </transform>
      <snapped>false</snapped>
      <childlist count="2">
        <childid>54</childid>
        <childid>19</childid>
      </childlist>
      <isasymmetric>false</isasymmetric>
    </blockref>
    <blockref>
      <blockid>0x40626000, 0xd05c53a3</blockid>
      <transform>
        <scale>0.280000</scale>
        <position>0,1.178329,0.937173</position>
        <triangledirection>0,0.864804,0.502106</triangledirection>
        <trianglepickorigin>0,0,0</trianglepickorigin>
        <orientation>
          <row0>1,0,0</row0>
          <row1>0,0.864804,0.502106</row1>
          <row2>0,-0.502106,0.864804</row2>
        </orientation>
      </transform>
      <snapped>false</snapped>
      <isasymmetric>false</isasymmetric>
    </blockref>
    <blockref>
      <blockid>0x40626000, 0xdec3c22a</blockid>
      <transform>
        <limbtype>0</limbtype>
        <musclescale>0.824998</musclescale>
        <basemusclescale>1.149999</basemusclescale>
        <scale>1</scale>
        <position>0.249667,0.00756826,0.848330</position>
        <triangledirection>-0.284314,0.260769,0.922585</triangledirection>
        <trianglepickorigin>0,0,0</trianglepickorigin>
        <orientation>
          <row0>-0.902355,-0.397902,-0.165611</row0>
          <row1>-0.284314,0.260769,0.922585</row1>
          <row2>-0.323911,0.879585,-0.348437</row2>
        </orientation>
      </transform>
      <snapped>false</snapped>
      <childlist count="1">
        <childid>21</childid>
      </childlist>
      <symmetric>23</symmetric>
      <handles count="1">
        <weight channel="0xf320ba37">0.0995405</weight>
      </handles>
      <isasymmetric>false</isasymmetric>
    </blockref>
    <blockref>
      <blockid>0x40626000, 0x33fccc91</blockid>
      <transform>
        <limbtype>0</limbtype>
        <musclescale>0.125</musclescale>
        <basemusclescale>0.649999</basemusclescale>
        <scale>1</scale>
        <position>0.342249,-0.0773478,0.547903</position>
        <triangledirection>0.250734,-0.797191,0.549197</triangledirection>
        <trianglepickorigin>0,0,0</trianglepickorigin>
        <orientation>
          <row0>-0.902355,-0.397902,-0.165611</row0>
          <row1>0.250734,-0.797191,0.549197</row1>
          <row2>-0.350551,0.454046,0.819118</row2>
        </orientation>
      </transform>
      <snapped>true</snapped>
      <childlist count="1">
        <childid>22</childid>
      </childlist>
      <symmetric>24</symmetric>
      <handles count="1">
        <weight channel="0xf320ba37">0.0653313</weight>
      </handles>
      <isasymmetric>false</isasymmetric>
    </blockref>
    <blockref>
      <blockid>0x40626000, 0x33fccc91</blockid>
      <transform>
        <limbtype>0</limbtype>
        <musclescale>0</musclescale>
        <basemusclescale>0.798319</basemusclescale>
        <scale>1</scale>
        <position>0.284905,0.104975,0.422298</position>
        <triangledirection>0.0459931,0.213661,0.975823</triangledirection>
        <trianglepickorigin>0,0,0</trianglepickorigin>
        <orientation>
          <row0>0.966633,0.236904,-0.0974316</row0>
          <row1>0.0459931,0.213661,0.975823</row1>
          <row2>0.251994,-0.947746,0.195637</row2>
        </orientation>
      </transform>
      <snapped>true</snapped>
      <childlist count="1">
        <childid>26</childid>
      </childlist>
      <symmetric>25</symmetric>
      <handles count="1">
        <weight channel="0xf320ba37">0.0630877</weight>
      </handles>
      <isasymmetric>false</isasymmetric>
    </blockref>
    <blockref>
      <blockid>0x40626000, 0xdec3c22a</blockid>
      <transform>
        <limbtype>0</limbtype>
        <musclescale>0.824998</musclescale>
        <basemusclescale>1.149999</basemusclescale>
        <scale>1</scale>
        <position>-0.249667,0.00756826,0.848330</position>
        <triangledirection>0.284314,0.260769,0.922585</triangledirection>
        <trianglepickorigin>0,0,0</trianglepickorigin>
        <orientation>
          <row0>-0.902355,0.397902,0.165611</row0>
          <row1>0.284314,0.260769,0.922585</row1>
          <row2>0.323911,0.879585,-0.348437</row2>
        </orientation>
      </transform>
      <snapped>false</snapped>
      <childlist count="1">
        <childid>24</childid>
      </childlist>
      <symmetric>20</symmetric>
      <handles count="1">
        <weight channel="0xf320ba37">0.0995405</weight>
      </handles>
      <isasymmetric>false</isasymmetric>
    </blockref>
    <blockref>
      <blockid>0x40626000, 0x33fccc91</blockid>
      <transform>
        <limbtype>0</limbtype>
        <musclescale>0.125</musclescale>
        <basemusclescale>0.649999</basemusclescale>
        <scale>1</scale>
        <position>-0.342249,-0.0773478,0.547903</position>
        <triangledirection>-0.250732,-0.797191,0.549197</triangledirection>
        <trianglepickorigin>0,0,0</trianglepickorigin>
        <orientation>
          <row0>-0.902355,0.397902,0.165611</row0>
          <row1>-0.250732,-0.797191,0.549197</row1>
          <row2>0.350551,0.454046,0.819118</row2>
        </orientation>
      </transform>
      <snapped>true</snapped>
      <childlist count="1">
        <childid>25</childid>
      </childlist>
      <symmetric>21</symmetric>
      <handles count="1">
        <weight channel="0xf320ba37">0.0653313</weight>
      </handles>
      <isasymmetric>false</isasymmetric>
    </blockref>
    <blockref>
      <blockid>0x40626000, 0x33fccc91</blockid>
      <transform>
        <limbtype>0</limbtype>
        <musclescale>0</musclescale>
        <basemusclescale>0.798319</basemusclescale>
        <scale>1</scale>
        <position>-0.284905,0.104975,0.422297</position>
        <triangledirection>-0.0459931,0.213661,0.975823</triangledirection>
        <trianglepickorigin>0,0,0</trianglepickorigin>
        <orientation>
          <row0>0.966633,-0.236904,0.0974316</row0>
          <row1>-0.0459931,0.213661,0.975823</row1>
          <row2>-0.251994,-0.947746,0.195636</row2>
        </orientation>
      </transform>
      <snapped>true</snapped>
      <childlist count="1">
        <childid>27</childid>
      </childlist>
      <symmetric>22</symmetric>
      <handles count="1">
        <weight channel="0xf320ba37">0.0630877</weight>
      </handles>
      <isasymmetric>false</isasymmetric>
    </blockref>
    <blockref>
      <blockid>0x40626000, 0x7c830515</blockid>
      <transform>
        <basemusclescale>1.382779</basemusclescale>
        <scale>1.161834</scale>
        <position>0.274693,0.0575308,0.205611</position>
        <triangledirection>-0.237988,0.971266,0</triangledirection>
        <trianglepickorigin>0,0,0</trianglepickorigin>
        <orientation>
          <row0>1,0,0</row0>
          <row1>0,1,0</row1>
          <row2>0,0,1</row2>
        </orientation>
        <userorientation>
          <userorientation_row0>0.971266,0.237988,0</userorientation_row0>
          <userorientation_row1>-0.237988,0.971266,0</userorientation_row1>
          <userorientation_row2>0,0,1</userorientation_row2>
        </userorientation>
      </transform>
      <snapped>true</snapped>
      <symmetric>27</symmetric>
      <handles count="3">
        <weight channel="0x2e6521f4">0.181501</weight>
        <weight channel="0x7cc96c02">0.424663</weight>
        <weight channel="0xd02751de">0.228889</weight>
      </handles>
      <isasymmetric>false</isasymmetric>
    </blockref>
    <blockref>
      <blockid>0x40626000, 0xf8b078c3</blockid>
      <transform>
        <basemusclescale>1.382779</basemusclescale>
        <scale>1.161834</scale>
        <position>-0.274693,0.0575308,0.205610</position>
        <triangledirection>0.237988,0.971266,0</triangledirection>
        <trianglepickorigin>0,0,0</trianglepickorigin>
        <orientation>
          <row0>1,0,0</row0>
          <row1>0,1,0</row1>
          <row2>0,0,1</row2>
        </orientation>
        <userorientation>
          <userorientation_row0>0.971266,-0.237988,0</userorientation_row0>
          <userorientation_row1>0.237988,0.971266,0</userorientation_row1>
          <userorientation_row2>0,0,1</userorientation_row2>
        </userorientation>
      </transform>
      <snapped>true</snapped>
      <symmetric>26</symmetric>
      <handles count="3">
        <weight channel="0x2e6521f4">0.181501</weight>
        <weight channel="0x7cc96c02">0.424663</weight>
        <weight channel="0xd02751de">0.228889</weight>
      </handles>
      <isasymmetric>false</isasymmetric>
    </blockref>
    <blockref>
      <blockid>0x40626000, 0x2051ae2d</blockid>
      <transform>
        <limbtype>0</limbtype>
        <musclescale>0.224997</musclescale>
        <basemusclescale>0.899999</basemusclescale>
        <scale>1</scale>
        <position>0.161230,-0.307036,1.055809</position>
        <triangledirection>-0.566253,0.00423743,0.824220</triangledirection>
        <trianglepickorigin>0,0,0</trianglepickorigin>
        <orientation>
          <row0>0.699312,-0.526808,0.483148</row0>
          <row1>-0.566253,0.00423743,0.824220</row1>
          <row2>-0.436253,-0.849972,-0.295343</row2>
        </orientation>
      </transform>
      <snapped>false</snapped>
      <childlist count="1">
        <childid>29</childid>
      </childlist>
      <symmetric>30</symmetric>
      <handles count="1">
        <weight channel="0xf320ba37">0.131304</weight>
      </handles>
      <isasymmetric>false</isasymmetric>
    </blockref>
    <blockref>
      <blockid>0x40626000, 0x2051ae2d</blockid>
      <transform>
        <limbtype>0</limbtype>
        <musclescale>0.150000</musclescale>
        <basemusclescale>1.649997</basemusclescale>
        <scale>1</scale>
        <position>0.401504,-0.308833,0.706076</position>
        <triangledirection>0.0669763,0.721222,0.689455</triangledirection>
        <trianglepickorigin>0,0,0</trianglepickorigin>
        <orientation>
          <row0>0.699312,-0.526808,0.483148</row0>
          <row1>0.0669763,0.721222,0.689455</row1>
          <row2>-0.711669,-0.449786,0.539645</row2>
        </orientation>
      </transform>
      <snapped>true</snapped>
      <childlist count="1">
        <childid>32</childid>
      </childlist>
      <symmetric>31</symmetric>
      <handles count="1">
        <weight channel="0xf320ba37">0.0808411</weight>
      </handles>
      <isasymmetric>false</isasymmetric>
    </blockref>
    <blockref>
      <blockid>0x40626000, 0x2051ae2d</blockid>
      <transform>
        <limbtype>0</limbtype>
        <musclescale>0.224997</musclescale>
        <basemusclescale>0.899999</basemusclescale>
        <scale>1</scale>
        <position>-0.161230,-0.307036,1.055809</position>
        <triangledirection>0.566253,0.00423743,0.824220</triangledirection>
        <trianglepickorigin>0,0,0</trianglepickorigin>
        <orientation>
          <row0>0.699312,0.526808,-0.483148</row0>
          <row1>0.566253,0.00423743,0.824220</row1>
          <row2>0.436253,-0.849972,-0.295343</row2>
        </orientation>
      </transform>
      <snapped>false</snapped>
      <childlist count="1">
        <childid>31</childid>
      </childlist>
      <symmetric>28</symmetric>
      <handles count="1">
        <weight channel="0xf320ba37">0.131304</weight>
      </handles>
      <isasymmetric>false</isasymmetric>
    </blockref>
    <blockref>
      <blockid>0x40626000, 0x2051ae2d</blockid>
      <transform>
        <limbtype>0</limbtype>
        <musclescale>0.150000</musclescale>
        <basemusclescale>1.649997</basemusclescale>
        <scale>1</scale>
        <position>-0.401504,-0.308833,0.706076</position>
        <triangledirection>-0.0669763,0.721222,0.689455</triangledirection>
        <trianglepickorigin>0,0,0</trianglepickorigin>
        <orientation>
          <row0>0.699312,0.526808,-0.483148</row0>
          <row1>-0.0669763,0.721222,0.689455</row1>
          <row2>0.711669,-0.449786,0.539645</row2>
        </orientation>
      </transform>
      <snapped>true</snapped>
      <childlist count="1">
        <childid>33</childid>
      </childlist>
      <symmetric>29</symmetric>
      <handles count="1">
        <weight channel="0xf320ba37">0.0808411</weight>
      </handles>
      <isasymmetric>false</isasymmetric>
    </blockref>
    <blockref>
      <blockid>0x40626000, 0x87bb439b</blockid>
      <transform>
        <basemusclescale>1.068493</basemusclescale>
        <scale>1.454990</scale>
        <position>0.383105,-0.506949,0.516686</position>
        <triangledirection>0.0850381,0.503189,0.859981</triangledirection>
        <trianglepickorigin>0,0,0</trianglepickorigin>
        <orientation>
          <row0>0.196117,0.668011,-0.717841</row0>
          <row1>0.0669763,0.721222,0.689455</row1>
          <row2>0.978290,-0.183292,0.0967044</row2>
        </orientation>
        <userorientation>
          <userorientation_row0>0.357102,0.0262604,0.933695</userorientation_row0>
          <userorientation_row1>-0.264515,0.961528,0.0741242</userorientation_row1>
          <userorientation_row2>-0.895828,-0.273447,0.350311</userorientation_row2>
        </userorientation>
      </transform>
      <snapped>true</snapped>
      <symmetric>33</symmetric>
      <isasymmetric>false</isasymmetric>
    </blockref>
    <blockref>
      <blockid>0x40626000, 0xbb1cf92d</blockid>
      <transform>
        <basemusclescale>1.068493</basemusclescale>
        <scale>1.454990</scale>
        <position>-0.383105,-0.506949,0.516686</position>
        <triangledirection>-0.0850381,0.503189,0.859981</triangledirection>
        <trianglepickorigin>0,0,0</trianglepickorigin>
        <orientation>
          <row0>0.196117,-0.668011,0.717841</row0>
          <row1>-0.0669763,0.721222,0.689455</row1>
          <row2>-0.978290,-0.183292,0.0967044</row2>
        </orientation>
        <userorientation>
          <userorientation_row0>0.357102,-0.0262604,-0.933695</userorientation_row0>
          <userorientation_row1>0.264515,0.961528,0.0741242</userorientation_row1>
          <userorientation_row2>0.895828,-0.273447,0.350311</userorientation_row2>
        </userorientation>
      </transform>
      <snapped>true</snapped>
      <symmetric>32</symmetric>
      <isasymmetric>false</isasymmetric>
    </blockref>
    <blockref>
      <blockid>0x40626000, 0x050d2810</blockid>
      <transform>
        <scale>1.252321</scale>
        <position>0,-0.820514,1.114511</position>
        <triangledirection>0,0.984306,0.176460</triangledirection>
        <trianglepickorigin>0,0,0</trianglepickorigin>
        <orientation>
          <row0>1,0,0</row0>
          <row1>0,0.998979,0.0451373</row1>
          <row2>0,-0.0451373,0.998979</row2>
        </orientation>
        <userorientation>
          <userorientation_row0>1,0,0</userorientation_row0>
          <userorientation_row1>0,0.991268,0.131852</userorientation_row1>
          <userorientation_row2>0,-0.131852,0.991268</userorientation_row2>
        </userorientation>
      </transform>
      <snapped>false</snapped>
      <childlist count="2">
        <childid>60</childid>
        <childid>59</childid>
      </childlist>
      <handles count="3">
        <weight channel="0xd02751de">0.360103</weight>
        <weight channel="0x2e6521f4">0.431908</weight>
        <weight channel="0x7cc96c02">0.499291</weight>
      </handles>
      <isasymmetric>false</isasymmetric>
    </blockref>
    <blockref>
      <blockid>0x40626000, 0x9343e658</blockid>
      <transform>
        <scale>0.800000</scale>
        <position>0.0545676,-0.323323,1.202661</position>
        <triangledirection>-0.390673,-0.218116,-0.894313</triangledirection>
        <trianglepickorigin>0,0,0</trianglepickorigin>
        <orientation>
          <row0>-0.487477,0.873134,-1.04308e-7</row0>
          <row1>-0.390673,-0.218116,-0.894313</row1>
          <row2>-0.780857,-0.435957,0.447438</row2>
        </orientation>
      </transform>
      <snapped>false</snapped>
      <symmetric>36</symmetric>
      <handles count="2">
        <weight channel="0x2e6521f4">0.410827</weight>
        <weight channel="0xd02751de">0.480911</weight>
      </handles>
      <isasymmetric>false</isasymmetric>
    </blockref>
    <blockref>
      <blockid>0x40626000, 0x9343e658</blockid>
      <transform>
        <scale>0.800000</scale>
        <position>-0.0545676,-0.323323,1.202661</position>
        <triangledirection>0.390673,-0.218116,-0.894313</triangledirection>
        <trianglepickorigin>0,0,0</trianglepickorigin>
        <orientation>
          <row0>-0.487477,-0.873134,8.94069e-8</row0>
          <row1>0.390673,-0.218116,-0.894313</row1>
          <row2>0.780857,-0.435957,0.447438</row2>
        </orientation>
      </transform>
      <snapped>false</snapped>
      <symmetric>35</symmetric>
      <handles count="2">
        <weight channel="0x2e6521f4">0.410827</weight>
        <weight channel="0xd02751de">0.480911</weight>
      </handles>
      <isasymmetric>false</isasymmetric>
    </blockref>
    <blockref>
      <blockid>0x40626000, 0x9343e658</blockid>
      <transform>
        <scale>0.800000</scale>
        <position>-0.0672022,-0.216941,1.161613</position>
        <triangledirection>0.403082,-0.387648,-0.829006</triangledirection>
        <trianglepickorigin>0,0,0</trianglepickorigin>
        <orientation>
          <row0>-0.693174,-0.720770,-5.96045e-8</row0>
          <row1>0.403082,-0.387648,-0.829006</row1>
          <row2>0.597522,-0.574645,0.559238</row2>
        </orientation>
      </transform>
      <snapped>false</snapped>
      <symmetric>38</symmetric>
      <handles count="2">
        <weight channel="0x2e6521f4">0.410827</weight>
        <weight channel="0xd02751de">0.480911</weight>
      </handles>
      <isasymmetric>false</isasymmetric>
    </blockref>
    <blockref>
      <blockid>0x40626000, 0x9343e658</blockid>
      <transform>
        <scale>0.800000</scale>
        <position>0.0672022,-0.216941,1.161613</position>
        <triangledirection>-0.403082,-0.387648,-0.829006</triangledirection>
        <trianglepickorigin>0,0,0</trianglepickorigin>
        <orientation>
          <row0>-0.693174,0.720770,4.47033e-8</row0>
          <row1>-0.403082,-0.387648,-0.829006</row1>
          <row2>-0.597522,-0.574645,0.559238</row2>
        </orientation>
      </transform>
      <snapped>false</snapped>
      <symmetric>37</symmetric>
      <handles count="2">
        <weight channel="0x2e6521f4">0.410827</weight>
        <weight channel="0xd02751de">0.480911</weight>
      </handles>
      <isasymmetric>false</isasymmetric>
    </blockref>
    <blockref>
      <blockid>0x40626000, 0x9343e658</blockid>
      <transform>
        <scale>0.800000</scale>
        <position>-0.0512670,-0.466937,1.224215</position>
        <triangledirection>0.433481,0.00434063,-0.901151</triangledirection>
        <trianglepickorigin>0,0,0</trianglepickorigin>
        <orientation>
          <row0>0.0100130,-0.999948,5.12226e-8</row0>
          <row1>0.433481,0.00434063,-0.901151</row1>
          <row2>0.901105,0.00902326,0.433503</row2>
        </orientation>
      </transform>
      <snapped>false</snapped>
      <symmetric>40</symmetric>
      <handles count="2">
        <weight channel="0x2e6521f4">0.410827</weight>
        <weight channel="0xd02751de">0.480911</weight>
      </handles>
      <isasymmetric>false</isasymmetric>
    </blockref>
    <blockref>
      <blockid>0x40626000, 0x9343e658</blockid>
      <transform>
        <scale>0.800000</scale>
        <position>0.0512670,-0.466937,1.224215</position>
        <triangledirection>-0.433481,0.00434063,-0.901151</triangledirection>
        <trianglepickorigin>0,0,0</trianglepickorigin>
        <orientation>
          <row0>0.0100130,0.999949,-5.12226e-8</row0>
          <row1>-0.433481,0.00434063,-0.901151</row1>
          <row2>-0.901105,0.00902326,0.433503</row2>
        </orientation>
      </transform>
      <snapped>false</snapped>
      <symmetric>39</symmetric>
      <handles count="2">
        <weight channel="0x2e6521f4">0.410827</weight>
        <weight channel="0xd02751de">0.480911</weight>
      </handles>
      <isasymmetric>false</isasymmetric>
    </blockref>
    <blockref>
      <blockid>0x40626000, 0x9343e658</blockid>
      <transform>
        <scale>0.800000</scale>
        <position>-0.0799895,-0.111174,1.102638</position>
        <triangledirection>0.416352,-0.450488,-0.789753</triangledirection>
        <trianglepickorigin>0,0,0</trianglepickorigin>
        <orientation>
          <row0>-0.734381,-0.678735,1.49010e-8</row0>
          <row1>0.416352,-0.450488,-0.789753</row1>
          <row2>0.536032,-0.579980,0.613424</row2>
        </orientation>
      </transform>
      <snapped>false</snapped>
      <symmetric>42</symmetric>
      <handles count="2">
        <weight channel="0x2e6521f4">0.410827</weight>
        <weight channel="0xd02751de">0.480911</weight>
      </handles>
      <isasymmetric>false</isasymmetric>
    </blockref>
    <blockref>
      <blockid>0x40626000, 0x9343e658</blockid>
      <transform>
        <scale>0.800000</scale>
        <position>0.0799895,-0.111174,1.102638</position>
        <triangledirection>-0.416352,-0.450488,-0.789753</triangledirection>
        <trianglepickorigin>0,0,0</trianglepickorigin>
        <orientation>
          <row0>-0.734381,0.678735,-1.49010e-8</row0>
          <row1>-0.416352,-0.450488,-0.789753</row1>
          <row2>-0.536032,-0.579980,0.613424</row2>
        </orientation>
      </transform>
      <snapped>false</snapped>
      <symmetric>41</symmetric>
      <handles count="2">
        <weight channel="0x2e6521f4">0.410827</weight>
        <weight channel="0xd02751de">0.480911</weight>
      </handles>
      <isasymmetric>false</isasymmetric>
    </blockref>
    <blockref>
      <blockid>0x40626000, 0x9343e658</blockid>
      <transform>
        <scale>0.800000</scale>
        <position>-0.0946362,0.0377398,1.023378</position>
        <triangledirection>0.369349,-0.396526,-0.840444</triangledirection>
        <trianglepickorigin>0,0,0</trianglepickorigin>
        <orientation>
          <row0>-0.731737,-0.681585,-1.63912e-7</row0>
          <row1>0.369349,-0.396526,-0.840444</row1>
          <row2>0.572834,-0.614984,0.541898</row2>
        </orientation>
      </transform>
      <snapped>false</snapped>
      <symmetric>44</symmetric>
      <handles count="2">
        <weight channel="0x2e6521f4">0.410827</weight>
        <weight channel="0xd02751de">0.480911</weight>
      </handles>
      <isasymmetric>false</isasymmetric>
    </blockref>
    <blockref>
      <blockid>0x40626000, 0x9343e658</blockid>
      <transform>
        <scale>0.800000</scale>
        <position>0.0946362,0.0377398,1.023378</position>
        <triangledirection>-0.369349,-0.396526,-0.840444</triangledirection>
        <trianglepickorigin>0,0,0</trianglepickorigin>
        <orientation>
          <row0>-0.731737,0.681585,1.63912e-7</row0>
          <row1>-0.369349,-0.396526,-0.840444</row1>
          <row2>-0.572834,-0.614984,0.541898</row2>
        </orientation>
      </transform>
      <snapped>false</snapped>
      <symmetric>43</symmetric>
      <handles count="2">
        <weight channel="0x2e6521f4">0.410827</weight>
        <weight channel="0xd02751de">0.480911</weight>
      </handles>
      <isasymmetric>false</isasymmetric>
    </blockref>
    <blockref>
      <blockid>0x40626000, 0x9343e658</blockid>
      <transform>
        <scale>0.800000</scale>
        <position>-0.0876414,0.174839,0.912711</position>
        <triangledirection>0.376659,-0.664000,-0.645932</triangledirection>
        <trianglepickorigin>0,0,0</trianglepickorigin>
        <orientation>
          <row0>-0.869800,-0.493402,2.98022e-8</row0>
          <row1>0.376659,-0.664000,-0.645932</row1>
          <row2>0.318704,-0.561832,0.763393</row2>
        </orientation>
      </transform>
      <snapped>false</snapped>
      <symmetric>46</symmetric>
      <handles count="2">
        <weight channel="0x2e6521f4">0.410827</weight>
        <weight channel="0xd02751de">0.480911</weight>
      </handles>
      <isasymmetric>false</isasymmetric>
    </blockref>
    <blockref>
      <blockid>0x40626000, 0x9343e658</blockid>
      <transform>
        <scale>0.800000</scale>
        <position>0.0876414,0.174839,0.912711</position>
        <triangledirection>-0.376659,-0.664000,-0.645932</triangledirection>
        <trianglepickorigin>0,0,0</trianglepickorigin>
        <orientation>
          <row0>-0.869800,0.493402,0</row0>
          <row1>-0.376659,-0.664000,-0.645932</row1>
          <row2>-0.318704,-0.561832,0.763393</row2>
        </orientation>
      </transform>
      <snapped>false</snapped>
      <symmetric>45</symmetric>
      <handles count="2">
        <weight channel="0x2e6521f4">0.410827</weight>
        <weight channel="0xd02751de">0.480911</weight>
      </handles>
      <isasymmetric>false</isasymmetric>
    </blockref>
    <blockref>
      <blockid>0x40626000, 0x9343e658</blockid>
      <transform>
        <scale>0.800000</scale>
        <position>-0.0753929,0.312155,0.806191</position>
        <triangledirection>0.365220,-0.575052,-0.732070</triangledirection>
        <trianglepickorigin>0,0,0</trianglepickorigin>
        <orientation>
          <row0>-0.844139,-0.536122,8.94069e-8</row0>
          <row1>0.365220,-0.575052,-0.732070</row1>
          <row2>0.392479,-0.617971,0.681227</row2>
        </orientation>
      </transform>
      <snapped>false</snapped>
      <symmetric>48</symmetric>
      <handles count="2">
        <weight channel="0x2e6521f4">0.410827</weight>
        <weight channel="0xd02751de">0.480911</weight>
      </handles>
      <isasymmetric>false</isasymmetric>
    </blockref>
    <blockref>
      <blockid>0x40626000, 0x9343e658</blockid>
      <transform>
        <scale>0.800000</scale>
        <position>0.0753929,0.312155,0.806191</position>
        <triangledirection>-0.365220,-0.575052,-0.732070</triangledirection>
        <trianglepickorigin>0,0,0</trianglepickorigin>
        <orientation>
          <row0>-0.844139,0.536122,-8.94069e-8</row0>
          <row1>-0.365220,-0.575052,-0.732070</row1>
          <row2>-0.392479,-0.617971,0.681227</row2>
        </orientation>
      </transform>
      <snapped>false</snapped>
      <symmetric>47</symmetric>
      <handles count="2">
        <weight channel="0x2e6521f4">0.410827</weight>
        <weight channel="0xd02751de">0.480911</weight>
      </handles>
      <isasymmetric>false</isasymmetric>
    </blockref>
    <blockref>
      <blockid>0x40626000, 0x9343e658</blockid>
      <transform>
        <scale>0.800000</scale>
