<?xml version="1.0" encoding="UTF-8"?><sporemodel>
  <formatversion>18</formatversion>
  <properties>
    <modeltype>0x4178b8e8</modeltype>
    <skineffect1>0x71357e68</skineffect1>
    <skineffect2>0xcf48a38f</skineffect2>
    <skineffect3>0x0628c255</skineffect3>
    <skineffectseed1>1234</skineffectseed1>
    <skineffectseed2>1234</skineffectseed2>
    <skineffectseed3>1234</skineffectseed3>
    <skincolor1>0.164700,0.164700,0.164700</skincolor1>
    <skincolor2>0.694117,0.490195,0.411760</skincolor2>
    <skincolor3>0,0,0</skincolor3>
    <zcorpscore>0</zcorpscore>
  </properties>
  <blocks count="39">
    <blockref>
      <blockid>0x40626000, 0xd05c53a3</blockid>
      <transform>
        <scale>0.318924</scale>
        <position>0,0.329921,0.566029</position>
        <triangledirection>0,0.442557,-0.896740</triangledirection>
        <trianglepickorigin>0,0,0</trianglepickorigin>
        <orientation>
          <row0>1,0,0</row0>
          <row1>0,0.442557,-0.896740</row1>
          <row2>0,0.896740,0.442557</row2>
        </orientation>
      </transform>
      <snapped>false</snapped>
      <isasymmetric>false</isasymmetric>
    </blockref>
    <blockref>
      <blockid>0x40626000, 0xd05c53a3</blockid>
      <transform>
        <scale>0.629000</scale>
        <position>0,0.269573,0.654608</position>
        <triangledirection>0,0.672559,-0.740041</triangledirection>
        <trianglepickorigin>0,0,0</trianglepickorigin>
        <orientation>
          <row0>1,0,0</row0>
          <row1>0,0.672559,-0.740041</row1>
          <row2>0,0.740041,0.672559</row2>
        </orientation>
      </transform>
      <snapped>false</snapped>
      <childlist count="4">
        <childid>36</childid>
        <childid>23</childid>
        <childid>21</childid>
        <childid>0</childid>
      </childlist>
      <isasymmetric>false</isasymmetric>
    </blockref>
    <blockref>
      <blockid>0x40626000, 0xd05c53a3</blockid>
      <transform>
        <scale>0.693692</scale>
        <position>0,0.187794,0.724852</position>
        <triangledirection>0,0.833041,-0.553210</triangledirection>
        <trianglepickorigin>0,0,0</trianglepickorigin>
        <orientation>
          <row0>1,0,0</row0>
          <row1>0,0.833041,-0.553210</row1>
          <row2>0,0.553210,0.833041</row2>
        </orientation>
      </transform>
      <snapped>false</snapped>
      <childlist count="1">
        <childid>1</childid>
      </childlist>
      <isasymmetric>false</isasymmetric>
    </blockref>
    <blockref>
      <blockid>0x40626000, 0xd05c53a3</blockid>
      <transform>
        <scale>0.763122</scale>
        <position>0,0.0938728,0.784137</position>
        <triangledirection>0,0.857756,-0.514054</triangledirection>
        <trianglepickorigin>0,0,0</trianglepickorigin>
        <orientation>
          <row0>0.999998,0,0</row0>
          <row1>0,0.857756,-0.514054</row1>
          <row2>0,0.514054,0.857756</row2>
        </orientation>
      </transform>
      <snapped>false</snapped>
      <childlist count="1">
        <childid>2</childid>
      </childlist>
      <isasymmetric>false</isasymmetric>
    </blockref>
    <blockref>
      <blockid>0x40626000, 0xd05c53a3</blockid>
      <transform>
        <scale>0.900922</scale>
        <position>0,-0.00288242,0.838342</position>
        <triangledirection>0,0.886349,-0.463014</triangledirection>
        <trianglepickorigin>0,0,0</trianglepickorigin>
        <orientation>
          <row0>1,0,0</row0>
          <row1>0,0.886349,-0.463014</row1>
          <row2>0,0.463014,0.886349</row2>
        </orientation>
      </transform>
      <snapped>false</snapped>
      <childlist count="3">
        <childid>19</childid>
        <childid>17</childid>
        <childid>3</childid>
      </childlist>
      <isasymmetric>false</isasymmetric>
    </blockref>
    <blockref>
      <blockid>0x40626000, 0xd05c53a3</blockid>
      <transform>
        <scale>0.654788</scale>
        <position>0,-0.103551,0.881006</position>
        <triangledirection>0,0.949140,-0.314853</triangledirection>
        <trianglepickorigin>0,0,0</trianglepickorigin>
        <orientation>
          <row0>1,0,0</row0>
          <row1>0,0.949140,-0.314853</row1>
          <row2>0,0.314853,0.949140</row2>
        </orientation>
      </transform>
      <snapped>false</snapped>
      <childlist count="2">
        <childid>33</childid>
        <childid>4</childid>
      </childlist>
      <isasymmetric>false</isasymmetric>
    </blockref>
    <blockref>
      <blockid>0x40626000, 0xd05c53a3</blockid>
      <transform>
        <scale>0.325103</scale>
        <position>0,-0.209453,0.916938</position>
        <triangledirection>0,0.944754,-0.327778</triangledirection>
        <trianglepickorigin>0,0,0</trianglepickorigin>
        <orientation>
          <row0>0.999998,0,0</row0>
          <row1>0,0.944754,-0.327778</row1>
          <row2>0,0.327778,0.944754</row2>
        </orientation>
      </transform>
      <snapped>false</snapped>
      <childlist count="1">
        <childid>5</childid>
      </childlist>
      <isasymmetric>false</isasymmetric>
    </blockref>
    <blockref>
      <blockid>0x40626000, 0xd05c53a3</blockid>
      <transform>
        <scale>0.573521</scale>
        <position>0,-0.314806,0.954662</position>
        <triangledirection>0,0.938103,-0.346356</triangledirection>
        <trianglepickorigin>0,0,0</trianglepickorigin>
        <orientation>
          <row0>1,0,0</row0>
          <row1>0,0.938103,-0.346356</row1>
          <row2>0,0.346356,0.938103</row2>
        </orientation>
      </transform>
      <snapped>false</snapped>
      <childlist count="11">
        <childid>30</childid>
        <childid>16</childid>
        <childid>15</childid>
        <childid>14</childid>
        <childid>13</childid>
        <childid>12</childid>
        <childid>11</childid>
        <childid>10</childid>
        <childid>9</childid>
        <childid>8</childid>
        <childid>6</childid>
      </childlist>
      <isasymmetric>false</isasymmetric>
    </blockref>
    <blockref>
      <blockid>0x40626000, 0xfb60af36</blockid>
      <transform>
        <scale>0.687286</scale>
        <position>0,-0.448531,0.795560</position>
        <triangledirection>0,0.941197,0.337850</triangledirection>
        <trianglepickorigin>0,0,0</trianglepickorigin>
        <orientation>
          <row0>1,0,0</row0>
          <row1>0,0.812865,0.582450</row1>
          <row2>0,-0.582450,0.812865</row2>
        </orientation>
        <userorientation>
          <userorientation_row0>1,0,0</userorientation_row0>
          <userorientation_row1>0,0.961848,-0.273575</userorientation_row1>
          <userorientation_row2>0,0.273575,0.961848</userorientation_row2>
        </userorientation>
      </transform>
      <snapped>false</snapped>
      <childlist count="1">
        <childid>29</childid>
      </childlist>
      <handles count="3">
        <weight channel="0x2e6521f4">0.389503</weight>
        <weight channel="0x7cc96c02">0.501128</weight>
        <weight channel="0xd02751de">0.501549</weight>
      </handles>
      <isasymmetric>false</isasymmetric>
    </blockref>
    <blockref>
      <blockid>0x40626000, 0xd6ade96b</blockid>
      <transform>
        <scale>0.927743</scale>
        <position>0.0613780,-0.434839,0.930939</position>
        <triangledirection>-0.387425,0.809255,-0.441588</triangledirection>
        <trianglepickorigin>0,0,0</trianglepickorigin>
        <orientation>
          <row0>0.820994,0.570935,2.53319e-7</row0>
          <row1>-0.493961,0.710307,-0.501461</row1>
          <row2>-0.286303,0.411698,0.865179</row2>
        </orientation>
        <userorientation>
          <userorientation_row0>0.947996,-0.119653,-0.294932</userorientation_row0>
          <userorientation_row1>0.143958,0.987634,0.0620373</userorientation_row1>
          <userorientation_row2>0.283861,-0.101268,0.953499</userorientation_row2>
        </userorientation>
      </transform>
      <snapped>false</snapped>
      <symmetric>10</symmetric>
      <handles count="1">
        <weight channel="0x2e6521f4">0</weight>
      </handles>
      <isasymmetric>false</isasymmetric>
    </blockref>
    <blockref>
      <blockid>0x40626000, 0x5a0c85bd</blockid>
      <transform>
        <scale>0.927743</scale>
        <position>-0.0613780,-0.434839,0.930939</position>
        <triangledirection>0.387425,0.809255,-0.441588</triangledirection>
        <trianglepickorigin>0,0,0</trianglepickorigin>
        <orientation>
          <row0>0.820994,-0.570935,-2.53319e-7</row0>
          <row1>0.493961,0.710307,-0.501461</row1>
          <row2>0.286303,0.411698,0.865179</row2>
        </orientation>
        <userorientation>
          <userorientation_row0>0.947996,0.119653,0.294932</userorientation_row0>
          <userorientation_row1>-0.143958,0.987634,0.0620373</userorientation_row1>
          <userorientation_row2>-0.283861,-0.101268,0.953499</userorientation_row2>
        </userorientation>
      </transform>
      <snapped>false</snapped>
      <symmetric>9</symmetric>
      <handles count="1">
        <weight channel="0x2e6521f4">0</weight>
      </handles>
      <isasymmetric>false</isasymmetric>
    </blockref>
    <blockref>
      <blockid>0x40626000, 0xd6ade96e</blockid>
      <transform>
        <scale>0.5</scale>
        <position>0.121321,-0.360392,0.888818</position>
        <triangledirection>-0.888336,0.411567,0.203630</triangledirection>
        <trianglepickorigin>0,0,0</trianglepickorigin>
        <orientation>
          <row0>0.112960,0.993598,1.41561e-7</row0>
          <row1>-0.980233,0.111441,-0.163473</row1>
          <row2>-0.162426,0.0184659,0.986546</row2>
        </orientation>
        <userorientation>
          <userorientation_row0>0.752673,1.49010e-8,-0.658388</userorientation_row0>
          <userorientation_row1>0.308587,0.883354,0.352782</userorientation_row1>
          <userorientation_row2>0.581591,-0.468703,0.664879</userorientation_row2>
        </userorientation>
      </transform>
      <snapped>false</snapped>
      <symmetric>12</symmetric>
      <handles count="1">
        <weight channel="0xd02751de">0</weight>
      </handles>
      <isasymmetric>false</isasymmetric>
    </blockref>
    <blockref>
      <blockid>0x40626000, 0xe70274e0</blockid>
      <transform>
        <scale>0.5</scale>
        <position>-0.121321,-0.360392,0.888818</position>
        <triangledirection>0.888336,0.411567,0.203630</triangledirection>
        <trianglepickorigin>0,0,0</trianglepickorigin>
        <orientation>
          <row0>0.112958,-0.993598,2.23516e-8</row0>
          <row1>0.980233,0.111440,-0.163473</row1>
          <row2>0.162426,0.0184659,0.986546</row2>
        </orientation>
        <userorientation>
          <userorientation_row0>0.752673,-1.49010e-8,0.658388</userorientation_row0>
          <userorientation_row1>-0.308587,0.883354,0.352782</userorientation_row1>
          <userorientation_row2>-0.581591,-0.468703,0.664879</userorientation_row2>
        </userorientation>
      </transform>
      <snapped>false</snapped>
      <symmetric>11</symmetric>
      <handles count="1">
        <weight channel="0xd02751de">0</weight>
      </handles>
      <isasymmetric>false</isasymmetric>
    </blockref>
    <blockref>
      <blockid>0x40626000, 0x72b60e1e</blockid>
      <transform>
        <scale>0.699998</scale>
        <position>-0.0389822,-0.461905,0.893813</position>
        <triangledirection>0.313758,0.927609,-0.202720</triangledirection>
        <trianglepickorigin>0,0,0</trianglepickorigin>
        <orientation>
          <row0>0.947278,-0.320412,-5.81145e-7</row0>
          <row1>0.313758,0.927609,-0.202720</row1>
          <row2>0.0649548,0.192032,0.979236</row2>
        </orientation>
      </transform>
      <snapped>false</snapped>
      <symmetric>14</symmetric>
      <isasymmetric>false</isasymmetric>
    </blockref>
    <blockref>
      <blockid>0x40626000, 0xbda70e38</blockid>
      <transform>
        <scale>0.699998</scale>
        <position>0.0389930,-0.461937,0.893818</position>
        <triangledirection>-0.313748,0.927628,-0.202647</triangledirection>
        <trianglepickorigin>0,0,0</trianglepickorigin>
        <orientation>
          <row0>0.947283,0.320396,3.98606e-7</row0>
          <row1>-0.313748,0.927628,-0.202647</row1>
          <row2>-0.0649278,0.191964,0.979251</row2>
        </orientation>
      </transform>
      <snapped>false</snapped>
      <symmetric>13</symmetric>
      <isasymmetric>false</isasymmetric>
    </blockref>
    <blockref>
      <blockid>0x40626000, 0x341b1825</blockid>
      <transform>
        <scale>0.927743</scale>
        <position>0.0398145,-0.461263,0.896492</position>
        <triangledirection>-0.319853,0.920650,-0.223822</triangledirection>
        <trianglepickorigin>0,0,0</trianglepickorigin>
        <orientation>
          <row0>0.944615,0.328179,3.42725e-7</row0>
          <row1>-0.319853,0.920650,-0.223822</row1>
          <row2>-0.0734547,0.211426,0.974628</row2>
        </orientation>
      </transform>
      <snapped>false</snapped>
      <symmetric>16</symmetric>
      <handles count="2">
        <weight channel="0x2e6521f4">0</weight>
        <weight channel="0xd02751de">0</weight>
      </handles>
      <isasymmetric>false</isasymmetric>
    </blockref>
    <blockref>
      <blockid>0x40626000, 0x341b1825</blockid>
      <transform>
        <scale>0.927743</scale>
        <position>-0.0398142,-0.461261,0.896492</position>
        <triangledirection>0.319855,0.920647,-0.223827</triangledirection>
        <trianglepickorigin>0,0,0</trianglepickorigin>
        <orientation>
          <row0>0.944613,-0.328180,7.45058e-9</row0>
          <row1>0.319855,0.920647,-0.223827</row1>
          <row2>0.0734558,0.211429,0.974627</row2>
        </orientation>
      </transform>
      <snapped>false</snapped>
      <symmetric>15</symmetric>
      <handles count="2">
        <weight channel="0x2e6521f4">0</weight>
        <weight channel="0xd02751de">0</weight>
      </handles>
      <isasymmetric>false</isasymmetric>
    </blockref>
    <blockref>
      <blockid>0x40626000, 0xbcdd7052</blockid>
      <transform>
        <limbtype>0</limbtype>
        <musclescale>0.474999</musclescale>
        <basemusclescale>1.349995</basemusclescale>
        <scale>1</scale>
        <position>0.173069,-0.160787,0.737360</position>
        <triangledirection>-0.483119,0.120429,0.867232</triangledirection>
        <trianglepickorigin>0,0,0</trianglepickorigin>
        <orientation>
          <row0>0.695088,-0.549533,0.463533</row0>
          <row1>-0.483119,0.120429,0.867232</row1>
          <row2>-0.532396,-0.826745,-0.181780</row2>
        </orientation>
      </transform>
      <snapped>false</snapped>
      <childlist count="2">
        <childid>31</childid>
        <childid>18</childid>
      </childlist>
      <symmetric>19</symmetric>
      <handles count="1">
        <weight channel="0xf320ba37">0.0867443</weight>
      </handles>
      <isasymmetric>false</isasymmetric>
    </blockref>
    <blockref>
      <blockid>0x40626000, 0x2051ae2d</blockid>
      <transform>
        <limbtype>0</limbtype>
        <musclescale>0.524995</musclescale>
        <basemusclescale>0.999996</basemusclescale>
        <scale>1</scale>
        <position>0.314235,-0.195978,0.483956</position>
        <triangledirection>-0.0561423,0.601300,0.797047</triangledirection>
        <trianglepickorigin>0,0,0</trianglepickorigin>
        <orientation>
          <row0>0.695088,-0.549534,0.463533</row0>
          <row1>-0.0561423,0.601300,0.797047</row1>
          <row2>-0.716727,-0.580042,0.387104</row2>
        </orientation>
      </transform>
      <snapped>true</snapped>
      <childlist count="1">
        <childid>26</childid>
      </childlist>
      <symmetric>20</symmetric>
      <handles count="1">
        <weight channel="0xf320ba37">0.0958295</weight>
      </handles>
      <isasymmetric>false</isasymmetric>
    </blockref>
    <blockref>
      <blockid>0x40626000, 0xbcdd7052</blockid>
      <transform>
        <limbtype>0</limbtype>
        <musclescale>0.474999</musclescale>
        <basemusclescale>1.349995</basemusclescale>
        <scale>1</scale>
        <position>-0.173069,-0.160787,0.737360</position>
        <triangledirection>0.483119,0.120429,0.867232</triangledirection>
        <trianglepickorigin>0,0,0</trianglepickorigin>
        <orientation>
          <row0>0.695088,0.549533,-0.463533</row0>
          <row1>0.483119,0.120429,0.867232</row1>
          <row2>0.532396,-0.826745,-0.181780</row2>
        </orientation>
      </transform>
      <snapped>false</snapped>
      <childlist count="2">
        <childid>32</childid>
        <childid>20</childid>
      </childlist>
      <symmetric>17</symmetric>
      <handles count="1">
        <weight channel="0xf320ba37">0.0867443</weight>
      </handles>
      <isasymmetric>false</isasymmetric>
    </blockref>
    <blockref>
      <blockid>0x40626000, 0x2051ae2d</blockid>
      <transform>
        <limbtype>0</limbtype>
        <musclescale>0.524995</musclescale>
        <basemusclescale>0.999996</basemusclescale>
        <scale>1</scale>
        <position>-0.314235,-0.195978,0.483956</position>
        <triangledirection>0.0561424,0.601298,0.797047</triangledirection>
        <trianglepickorigin>0,0,0</trianglepickorigin>
        <orientation>
          <row0>0.695088,0.549534,-0.463533</row0>
          <row1>0.0561424,0.601298,0.797047</row1>
          <row2>0.716727,-0.580043,0.387104</row2>
        </orientation>
      </transform>
      <snapped>true</snapped>
      <childlist count="1">
        <childid>25</childid>
      </childlist>
      <symmetric>18</symmetric>
      <handles count="1">
        <weight channel="0xf320ba37">0.0958295</weight>
      </handles>
      <isasymmetric>false</isasymmetric>
    </blockref>
    <blockref>
      <blockid>0x40626000, 0xdec3c22a</blockid>
      <transform>
        <limbtype>0</limbtype>
        <musclescale>0.324999</musclescale>
        <basemusclescale>1.299998</basemusclescale>
        <scale>1</scale>
        <position>0.0929139,0.287086,0.539712</position>
        <triangledirection>-0.529012,0.510043,0.678232</triangledirection>
        <trianglepickorigin>0,0,0</trianglepickorigin>
        <orientation>
          <row0>-0.762560,-0.636394,-0.116204</row0>
          <row1>-0.529012,0.510043,0.678232</row1>
          <row2>-0.372352,0.578666,-0.725600</row2>
        </orientation>
      </transform>
      <snapped>false</snapped>
      <childlist count="1">
        <childid>22</childid>
      </childlist>
      <symmetric>23</symmetric>
      <handles count="1">
        <weight channel="0xf320ba37">0.102485</weight>
      </handles>
      <isasymmetric>false</isasymmetric>
    </blockref>
    <blockref>
      <blockid>0x40626000, 0x33fccc91</blockid>
      <transform>
        <limbtype>0</limbtype>
        <musclescale>0.125</musclescale>
        <basemusclescale>0.800000</basemusclescale>
        <scale>1</scale>
        <position>0.269811,0.116531,0.312918</position>
        <triangledirection>0.0456724,-0.232142,0.971607</triangledirection>
        <trianglepickorigin>0,0,0</trianglepickorigin>
        <orientation>
          <row0>-0.762560,-0.636394,-0.116204</row0>
          <row1>0.0456724,-0.232142,0.971607</row1>
          <row2>-0.645301,0.735602,0.206088</row2>
        </orientation>
      </transform>
      <snapped>true</snapped>
      <childlist count="1">
        <childid>27</childid>
      </childlist>
      <symmetric>24</symmetric>
      <handles count="1">
        <weight channel="0xf320ba37">0.0750885</weight>
      </handles>
      <isasymmetric>false</isasymmetric>
    </blockref>
    <blockref>
      <blockid>0x40626000, 0xdec3c22a</blockid>
      <transform>
        <limbtype>0</limbtype>
        <musclescale>0.324999</musclescale>
        <basemusclescale>1.299998</basemusclescale>
        <scale>1</scale>
        <position>-0.0929137,0.287086,0.539712</position>
        <triangledirection>0.529012,0.510046,0.678231</triangledirection>
        <trianglepickorigin>0,0,0</trianglepickorigin>
        <orientation>
          <row0>-0.762561,0.636393,0.116204</row0>
          <row1>0.529012,0.510046,0.678231</row1>
          <row2>0.372350,0.578666,-0.725601</row2>
        </orientation>
      </transform>
      <snapped>false</snapped>
      <childlist count="1">
        <childid>24</childid>
      </childlist>
      <symmetric>21</symmetric>
      <handles count="1">
        <weight channel="0xf320ba37">0.102485</weight>
      </handles>
      <isasymmetric>false</isasymmetric>
    </blockref>
    <blockref>
      <blockid>0x40626000, 0x33fccc91</blockid>
      <transform>
        <limbtype>0</limbtype>
        <musclescale>0.125</musclescale>
        <basemusclescale>0.800000</basemusclescale>
        <scale>1</scale>
        <position>-0.269811,0.116531,0.312918</position>
        <triangledirection>-0.0456726,-0.232142,0.971607</triangledirection>
        <trianglepickorigin>0,0,0</trianglepickorigin>
        <orientation>
          <row0>-0.762560,0.636394,0.116204</row0>
          <row1>-0.0456726,-0.232142,0.971607</row1>
          <row2>0.645301,0.735602,0.206089</row2>
        </orientation>
      </transform>
      <snapped>true</snapped>
      <childlist count="1">
        <childid>28</childid>
      </childlist>
      <symmetric>22</symmetric>
      <handles count="1">
        <weight channel="0xf320ba37">0.0750885</weight>
      </handles>
      <isasymmetric>false</isasymmetric>
    </blockref>
    <blockref>
      <blockid>0x40626000, 0x8738c83d</blockid>
      <transform>
        <basemusclescale>0.923259</basemusclescale>
        <scale>0.798515</scale>
        <position>-0.332152,-0.387874,0.229589</position>
        <triangledirection>-0.387152,-0.634420,0.669036</triangledirection>
        <trianglepickorigin>0,0,0</trianglepickorigin>
        <orientation>
          <row0>0.153325,-0.794030,0.588222</row0>
          <row1>0.0561424,0.601298,0.797047</row1>
          <row2>-0.986579,-0.0891833,0.136773</row2>
        </orientation>
        <userorientation>
          <userorientation_row0>0.545758,-0.205120,-0.812443</userorientation_row0>
          <userorientation_row1>0.837933,0.130042,0.530044</userorientation_row1>
          <userorientation_row2>-0.00307054,-0.970057,0.242853</userorientation_row2>
        </userorientation>
      </transform>
      <snapped>true</snapped>
      <symmetric>26</symmetric>
      <isasymmetric>false</isasymmetric>
    </blockref>
    <blockref>
      <blockid>0x40626000, 0xd82377eb</blockid>
      <transform>
        <basemusclescale>0.923259</basemusclescale>
        <scale>0.798515</scale>
        <position>0.332152,-0.387874,0.229589</position>
        <triangledirection>0.387152,-0.634419,0.669036</triangledirection>
        <trianglepickorigin>0,0,0</trianglepickorigin>
        <orientation>
          <row0>0.153325,0.794030,-0.588223</row0>
          <row1>-0.0561423,0.601300,0.797047</row1>
          <row2>0.986579,-0.0891830,0.136773</row2>
        </orientation>
        <userorientation>
          <userorientation_row0>0.545758,0.205120,0.812443</userorientation_row0>
          <userorientation_row1>-0.837933,0.130042,0.530044</userorientation_row1>
          <userorientation_row2>0.00307054,-0.970057,0.242853</userorientation_row2>
        </userorientation>
      </transform>
      <snapped>true</snapped>
      <symmetric>25</symmetric>
      <isasymmetric>false</isasymmetric>
    </blockref>
    <blockref>
      <blockid>0x40626000, 0x540e5be7</blockid>
      <transform>
        <basemusclescale>0.813655</basemusclescale>
        <scale>0.740818</scale>
        <position>0.258042,0.176339,0.0625964</position>
        <triangledirection>8.64262e-7,1,1.92965e-6</triangledirection>
        <trianglepickorigin>0,0,0</trianglepickorigin>
        <orientation>
          <row0>1,-8.64260e-7,-4.61934e-7</row0>
          <row1>8.64262e-7,1,1.92965e-6</row1>
          <row2>4.61931e-7,-1.92966e-6,1</row2>
        </orientation>
      </transform>
      <snapped>true</snapped>
      <symmetric>28</symmetric>
      <handles count="1">
        <weight channel="0x2e6521f4">0.514060</weight>
      </handles>
      <isasymmetric>false</isasymmetric>
    </blockref>
    <blockref>
      <blockid>0x40626000, 0xcab8bba1</blockid>
      <transform>
        <basemusclescale>0.813655</basemusclescale>
        <scale>0.740818</scale>
        <position>-0.258042,0.176339,0.0625964</position>
        <triangledirection>-8.64262e-7,1,1.92965e-6</triangledirection>
        <trianglepickorigin>0,0,0</trianglepickorigin>
        <orientation>
          <row0>1,8.64260e-7,4.61934e-7</row0>
          <row1>-8.64262e-7,1,1.92965e-6</row1>
          <row2>-4.61931e-7,-1.92966e-6,1</row2>
        </orientation>
      </transform>
      <snapped>true</snapped>
      <symmetric>27</symmetric>
      <handles count="1">
        <weight channel="0x2e6521f4">0.514060</weight>
      </handles>
      <isasymmetric>false</isasymmetric>
    </blockref>
    <blockref>
      <blockid>0x40626000, 0x87e7ee61</blockid>
      <transform>
        <scale>0.800000</scale>
        <position>0,-0.511887,0.854946</position>
        <triangledirection>-1.27073e-9,-0.533226,0.845969</triangledirection>
        <trianglepickorigin>0,0,0</trianglepickorigin>
        <orientation>
          <row0>1,4.75441e-9,4.49889e-9</row0>
          <row1>1.35946e-9,0.521471,-0.853268</row1>
          <row2>-6.40284e-9,0.853268,0.521471</row2>
        </orientation>
        <userorientation>
          <userorientation_row0>1,0,0</userorientation_row0>
          <userorientation_row1>0,-0.999902,-0.0138360</userorientation_row1>
          <userorientation_row2>0,0.0138360,-0.999902</userorientation_row2>
        </userorientation>
      </transform>
      <snapped>false</snapped>
      <handles count="2">
        <weight channel="0x7cc96c02">0</weight>
        <weight channel="0xd02751de">0</weight>
      </handles>
      <isasymmetric>false</isasymmetric>
    </blockref>
    <blockref>
      <blockid>0x40686000, 0x6181ec2d</blockid>
      <transform>
        <scale>1</scale>
        <position>0,-0.465153,0.898050</position>
        <triangledirection>0,0.970524,-0.241001</triangledirection>
        <trianglepickorigin>0,0,0</trianglepickorigin>
        <orientation>
          <row0>1,0,0</row0>
          <row1>0,0.970524,-0.241001</row1>
          <row2>0,0.241001,0.970524</row2>
        </orientation>
      </transform>
      <snapped>false</snapped>
      <handles count="5">
        <weight channel="0xe6f2c2b9">0.499487</weight>
        <weight channel="0x7cc96c02">0.498618</weight>
        <weight channel="0x2d3bfa19">0</weight>
        <weight channel="0xd02751de">0.518507</weight>
        <weight channel="0x503283aa">0</weight>
      </handles>
      <isasymmetric>false</isasymmetric>
    </blockref>
    <blockref>
      <blockid>0x40686000, 0x6181ec28</blockid>
      <transform>
        <scale>1</scale>
        <position>0.274311,-0.170315,0.729587</position>
        <triangledirection>-0.838248,0.0511451,-0.542882</triangledirection>
        <trianglepickorigin>0,0,0</trianglepickorigin>
        <orientation>
          <row0>0.0609011,0.998143,-6.79864e-8</row0>
          <row1>-0.986774,0.0602074,-0.150501</row1>
          <row2>-0.150222,0.00916581,0.988609</row2>
        </orientation>
        <userorientation>
          <userorientation_row0>1,0,0</userorientation_row0>
          <userorientation_row1>0,0.911947,-0.410306</userorientation_row1>
          <userorientation_row2>0,0.410306,0.911947</userorientation_row2>
        </userorientation>
      </transform>
      <snapped>false</snapped>
      <symmetric>32</symmetric>
      <handles count="3">
        <weight channel="0xe6f2c2b9">0.326070</weight>
        <weight channel="0x7cc96c02">0.342795</weight>
        <weight channel="0x503283aa">0.494329</weight>
      </handles>
      <isasymmetric>false</isasymmetric>
    </blockref>
    <blockref>
      <blockid>0x40686000, 0xaba8e7ce</blockid>
      <transform>
        <scale>1</scale>
        <position>-0.274311,-0.170315,0.729587</position>
        <triangledirection>0.838248,0.0511451,-0.542882</triangledirection>
        <trianglepickorigin>0,0,0</trianglepickorigin>
        <orientation>
          <row0>0.0609011,-0.998143,6.79864e-8</row0>
          <row1>0.986774,0.0602074,-0.150501</row1>
          <row2>0.150222,0.00916581,0.988609</row2>
        </orientation>
        <userorientation>
          <userorientation_row0>1,0,0</userorientation_row0>
          <userorientation_row1>0,0.911947,-0.410306</userorientation_row1>
          <userorientation_row2>0,0.410306,0.911947</userorientation_row2>
        </userorientation>
      </transform>
      <snapped>false</snapped>
      <symmetric>31</symmetric>
      <handles count="3">
        <weight channel="0xe6f2c2b9">0.326070</weight>
        <weight channel="0x7cc96c02">0.342795</weight>
        <weight channel="0x503283aa">0.494329</weight>
      </handles>
      <isasymmetric>false</isasymmetric>
    </blockref>
    <blockref>
      <blockid>0x40686000, 0x66de5d51</blockid>
      <transform>
        <scale>1</scale>
        <position>0,-0.0953470,0.909623</position>
        <triangledirection>0,-0.494879,-0.868960</triangledirection>
        <trianglepickorigin>0,0,0</trianglepickorigin>
        <orientation>
          <row0>-1,0,0</row0>
          <row1>0,-0.181428,-0.983403</row1>
          <row2>0,-0.983403,0.181428</row2>
        </orientation>
        <userorientation>
          <userorientation_row0>1,0,0</userorientation_row0>
          <userorientation_row1>0,0.944324,0.329012</userorientation_row1>
          <userorientation_row2>0,-0.329012,0.944324</userorientation_row2>
        </userorientation>
      </transform>
      <snapped>false</snapped>
      <childlist count="2">
        <childid>35</childid>
        <childid>34</childid>
      </childlist>
      <handles count="2">
        <weight channel="0x7cc96c02">0</weight>
        <weight channel="0xd02751de">0.311636</weight>
      </handles>
      <isasymmetric>false</isasymmetric>
    </blockref>
    <blockref>
      <blockid>0x40686000, 0x478a0097</blockid>
      <transform>
        <scale>1.568312</scale>
        <position>0.135756,-0.00218720,0.837233</position>
        <triangledirection>-0.603617,-1.19208e-7,-0.797272</triangledirection>
        <trianglepickorigin>0,0,0</trianglepickorigin>
        <orientation>
          <row0>-7.19564e-8,1,-9.50424e-8</row0>
          <row1>-0.603617,-1.19208e-7,-0.797272</row1>
          <row2>-0.797272,2.16715e-13,0.603617</row2>
        </orientation>
      </transform>
      <snapped>false</snapped>
      <childlist count="1">
        <childid>38</childid>
      </childlist>
      <symmetric>35</symmetric>
      <handles count="2">
        <weight channel="0x2e6521f4">0.391483</weight>
        <weight channel="0xe20e2032">0</weight>
      </handles>
      <isasymmetric>false</isasymmetric>
    </blockref>
    <blockref>
      <blockid>0x40686000, 0xc77c8191</blockid>
      <transform>
        <scale>1.568312</scale>
        <position>-0.135756,-0.00218720,0.837233</position>
        <triangledirection>0.603617,-1.19208e-7,-0.797272</triangledirection>
        <trianglepickorigin>0,0,0</trianglepickorigin>
        <orientation>
          <row0>-7.19566e-8,-1,9.50423e-8</row0>
          <row1>0.603617,-1.19208e-7,-0.797272</row1>
          <row2>0.797272,3.55271e-15,0.603617</row2>
        </orientation>
      </transform>
      <snapped>false</snapped>
      <childlist count="1">
        <childid>37</childid>
      </childlist>
      <symmetric>34</symmetric>
      <handles count="2">
        <weight channel="0x2e6521f4">0.391483</weight>
        <weight channel="0xe20e2032">0</weight>
      </handles>
      <isasymmetric>false</isasymmetric>
    </blockref>
    <blockref>
      <blockid>0x40686000, 0xca09bb91</blockid>
      <transform>
        <scale>1.161834</scale>
        <position>0,0.319527,0.643796</position>
        <triangledirection>0,-0.885928,-0.463820</triangledirection>
        <trianglepickorigin>0,0,0</trianglepickorigin>
        <orientation>
          <row0>-0.999998,0,0</row0>
          <row1>0,-0.885928,-0.463820</row1>
          <row2>0,-0.463820,0.885928</row2>
        </orientation>
      </transform>
      <snapped>false</snapped>
      <handles count="2">
        <weight channel="0xd02751de">1</weight>
        <weight channel="0x2e6521f4">0.690189</weight>
      </handles>
      <isasymmetric>false</isasymmetric>
    </blockref>
    <blockref>
      <blockid>0x40686000, 0xca09bb97</blockid>
      <transform>
        <scale>1</scale>
        <position>-0.282054,0.128222,1.133396</position>
        <triangledirection>0.831821,-0.00180805,-0.555036</triangledirection>
        <trianglepickorigin>0,0,0</trianglepickorigin>
        <orientation>
          <row0>-0.0321521,0.999481,-2.23516e-8</row0>
          <row1>-0.126109,-0.00405680,-0.992007</row1>
          <row2>-0.991495,-0.0318952,0.126174</row2>
        </orientation>
        <userorientation>
          <userorientation_row0>0.0142160,0.895178,0.445481</userorientation_row0>
          <userorientation_row1>-0.0285521,0.445708,-0.894720</userorientation_row1>
          <userorientation_row2>-0.999490,-8.30195e-10,0.0318952</userorientation_row2>
        </userorientation>
      </transform>
      <snapped>false</snapped>
      <symmetric>38</symmetric>
      <handles count="2">
        <weight channel="0x2e6521f4">0</weight>
        <weight channel="0xd02751de">0</weight>
      </handles>
      <isasymmetric>false</isasymmetric>
    </blockref>
    <blockref>
      <blockid>0x40686000, 0xca09bb97</blockid>
      <transform>
        <scale>1</scale>
        <position>0.282054,0.128222,1.133396</position>
        <triangledirection>-0.831821,-0.00180805,-0.555036</triangledirection>
        <trianglepickorigin>0,0,0</trianglepickorigin>
        <orientation>
          <row0>-0.0321521,-0.999481,2.23516e-8</row0>
          <row1>0.126109,-0.00405680,-0.992007</row1>
          <row2>0.991495,-0.0318952,0.126174</row2>
        </orientation>
        <userorientation>
          <userorientation_row0>0.0142160,-0.895178,-0.445481</userorientation_row0>
          <userorientation_row1>0.0285521,0.445708,-0.894720</userorientation_row1>
          <userorientation_row2>0.999490,-9.31322e-10,0.0318952</userorientation_row2>
        </userorientation>
      </transform>
      <snapped>false</snapped>
      <symmetric>37</symmetric>
      <handles count="2">
        <weight channel="0x2e6521f4">0</weight>
        <weight channel="0xd02751de">0</weight>
      </handles>
      <isasymmetric>false</isasymmetric>
    </blockref>
  </blocks></sporemodel>