<?xml version="1.0" encoding="UTF-8"?><sporemodel>
  <formatversion>18</formatversion>
  <properties>
    <modeltype>0x4178b8e8</modeltype>
    <skineffect1>0x8ec5176c</skineffect1>
    <skineffect2>0xcf48a38f</skineffect2>
    <skineffect3>0xdd5391a5</skineffect3>
    <skineffectseed1>1234</skineffectseed1>
    <skineffectseed2>1234</skineffectseed2>
    <skineffectseed3>1234</skineffectseed3>
    <skincolor1>1,0.803919,0.729411</skincolor1>
    <skincolor2>0.803919,0.407842,0.258823</skincolor2>
    <skincolor3>0.607842,1,0.0509802</skincolor3>
    <zcorpscore>0</zcorpscore>
  </properties>
  <blocks count="42">
    <blockref>
      <blockid>0x40626000, 0xd05c53a3</blockid>
      <transform>
        <scale>0.855265</scale>
        <position>0,-0.00455226,1.372727</position>
        <triangledirection>0,0.00714999,0.999974</triangledirection>
        <trianglepickorigin>0,0,0</trianglepickorigin>
        <orientation>
          <row0>1,0,0</row0>
          <row1>0,0.00714999,0.999974</row1>
          <row2>0,-0.999974,0.00714999</row2>
        </orientation>
      </transform>
      <snapped>false</snapped>
      <childlist count="3">
        <childid>10</childid>
        <childid>8</childid>
        <childid>1</childid>
      </childlist>
      <isasymmetric>false</isasymmetric>
    </blockref>
    <blockref>
      <blockid>0x40626000, 0xd05c53a3</blockid>
      <transform>
        <scale>1.021877</scale>
        <position>0,-0.000662343,1.483600</position>
        <triangledirection>0,0.0629511,0.998015</triangledirection>
        <trianglepickorigin>0,0,0</trianglepickorigin>
        <orientation>
          <row0>1,0,0</row0>
          <row1>0,0.0629511,0.998015</row1>
          <row2>0,-0.998015,0.0629511</row2>
        </orientation>
      </transform>
      <snapped>false</snapped>
      <childlist count="3">
        <childid>41</childid>
        <childid>40</childid>
        <childid>2</childid>
      </childlist>
      <isasymmetric>false</isasymmetric>
    </blockref>
    <blockref>
      <blockid>0x40626000, 0xd05c53a3</blockid>
      <transform>
        <scale>0.921934</scale>
        <position>0,0.0125273,1.592897</position>
        <triangledirection>0,0.176272,0.984341</triangledirection>
        <trianglepickorigin>0,0,0</trianglepickorigin>
        <orientation>
          <row0>1,0,0</row0>
          <row1>0,0.176272,0.984341</row1>
          <row2>0,-0.984341,0.176272</row2>
        </orientation>
      </transform>
      <snapped>false</snapped>
      <childlist count="1">
        <childid>3</childid>
      </childlist>
      <isasymmetric>false</isasymmetric>
    </blockref>
    <blockref>
      <blockid>0x40626000, 0xd05c53a3</blockid>
      <transform>
        <scale>0.798416</scale>
        <position>0,0.0325795,1.702658</position>
        <triangledirection>0,0.183148,0.983084</triangledirection>
        <trianglepickorigin>0,0,0</trianglepickorigin>
        <orientation>
          <row0>1,0,0</row0>
          <row1>0,0.183148,0.983084</row1>
          <row2>0,-0.983084,0.183148</row2>
        </orientation>
      </transform>
      <snapped>false</snapped>
      <childlist count="1">
        <childid>4</childid>
      </childlist>
      <isasymmetric>false</isasymmetric>
    </blockref>
    <blockref>
      <blockid>0x40626000, 0xd05c53a3</blockid>
      <transform>
        <scale>0.737586</scale>
        <position>0,0.0550393,1.811542</position>
        <triangledirection>0,0.220815,0.975314</triangledirection>
        <trianglepickorigin>0,0,0</trianglepickorigin>
        <orientation>
          <row0>1,0,0</row0>
          <row1>0,0.220815,0.975314</row1>
          <row2>0,-0.975314,0.220815</row2>
        </orientation>
      </transform>
      <snapped>false</snapped>
      <childlist count="3">
        <childid>17</childid>
        <childid>14</childid>
        <childid>5</childid>
      </childlist>
      <isasymmetric>false</isasymmetric>
    </blockref>
    <blockref>
      <blockid>0x40626000, 0xd05c53a3</blockid>
      <transform>
        <scale>0.667836</scale>
        <position>0,0.0574867,1.925817</position>
        <triangledirection>0,-0.178855,0.983874</triangledirection>
        <trianglepickorigin>0,0,0</trianglepickorigin>
        <orientation>
          <row0>1,0,0</row0>
          <row1>0,-0.178855,0.983874</row1>
          <row2>0,-0.983874,-0.178855</row2>
        </orientation>
      </transform>
      <snapped>false</snapped>
      <childlist count="1">
        <childid>6</childid>
      </childlist>
      <isasymmetric>false</isasymmetric>
    </blockref>
    <blockref>
      <blockid>0x40626000, 0xd05c53a3</blockid>
      <transform>
        <scale>0.395931</scale>
        <position>0,0.00716065,2.028213</position>
        <triangledirection>0,-0.669700,0.742631</triangledirection>
        <trianglepickorigin>0,0,0</trianglepickorigin>
        <orientation>
          <row0>1,0,0</row0>
          <row1>0,-0.669700,0.742631</row1>
          <row2>0,-0.742631,-0.669700</row2>
        </orientation>
      </transform>
      <snapped>false</snapped>
      <childlist count="1">
        <childid>7</childid>
      </childlist>
      <isasymmetric>false</isasymmetric>
    </blockref>
    <blockref>
      <blockid>0x40626000, 0xd05c53a3</blockid>
      <transform>
        <scale>0.629647</scale>
        <position>0,-0.0743798,2.106621</position>
        <triangledirection>0,-0.768293,0.640097</triangledirection>
        <trianglepickorigin>0,0,0</trianglepickorigin>
        <orientation>
          <row0>1,0,0</row0>
          <row1>0,-0.768293,0.640097</row1>
          <row2>0,-0.640097,-0.768293</row2>
        </orientation>
      </transform>
      <snapped>false</snapped>
      <childlist count="11">
        <childid>39</childid>
        <childid>38</childid>
        <childid>37</childid>
        <childid>34</childid>
        <childid>33</childid>
        <childid>32</childid>
        <childid>31</childid>
        <childid>28</childid>
        <childid>27</childid>
        <childid>26</childid>
        <childid>22</childid>
      </childlist>
      <isasymmetric>false</isasymmetric>
    </blockref>
    <blockref>
      <blockid>0x40626000, 0xdec3c22a</blockid>
      <transform>
        <limbtype>0</limbtype>
        <musclescale>0.324999</musclescale>
        <basemusclescale>2.349997</basemusclescale>
        <scale>1</scale>
        <position>0.151693,0.179609,1.275202</position>
        <triangledirection>-0.0206471,0.334405,0.942201</triangledirection>
        <trianglepickorigin>0,0,0</trianglepickorigin>
        <orientation>
          <row0>-0.999321,-0.0356278,-0.00925389</row0>
          <row1>-0.0206471,0.334405,0.942201</row1>
          <row2>-0.0304741,0.941754,-0.334915</row2>
        </orientation>
      </transform>
      <snapped>false</snapped>
      <childlist count="1">
        <childid>9</childid>
      </childlist>
      <symmetric>10</symmetric>
      <handles count="1">
        <weight channel="0xf320ba37">0.201306</weight>
      </handles>
      <isasymmetric>false</isasymmetric>
    </blockref>
    <blockref>
      <blockid>0x40626000, 0x33fccc91</blockid>
      <transform>
        <limbtype>0</limbtype>
        <musclescale>0.25</musclescale>
        <basemusclescale>0.999996</basemusclescale>
        <scale>1</scale>
        <position>0.164654,-0.0303540,0.683609</position>
        <triangledirection>0.00655587,-0.419640,0.907666</triangledirection>
        <trianglepickorigin>0,0,0</trianglepickorigin>
        <orientation>
          <row0>-0.999321,-0.0356278,-0.00925388</row0>
          <row1>0.00655587,-0.419640,0.907666</row1>
          <row2>-0.0362215,0.906991,0.419589</row2>
        </orientation>
      </transform>
      <snapped>true</snapped>
      <childlist count="1">
        <childid>13</childid>
      </childlist>
      <symmetric>11</symmetric>
      <handles count="1">
        <weight channel="0xf320ba37">0.191156</weight>
      </handles>
      <isasymmetric>false</isasymmetric>
    </blockref>
    <blockref>
      <blockid>0x40626000, 0xdec3c22a</blockid>
      <transform>
        <limbtype>0</limbtype>
        <musclescale>0.324999</musclescale>
        <basemusclescale>2.349997</basemusclescale>
        <scale>1</scale>
        <position>-0.151693,0.179609,1.275202</position>
        <triangledirection>0.0206471,0.334405,0.942201</triangledirection>
        <trianglepickorigin>0,0,0</trianglepickorigin>
        <orientation>
          <row0>-0.999321,0.0356278,0.00925389</row0>
          <row1>0.0206471,0.334405,0.942201</row1>
          <row2>0.0304741,0.941754,-0.334915</row2>
        </orientation>
      </transform>
      <snapped>false</snapped>
      <childlist count="1">
        <childid>11</childid>
      </childlist>
      <symmetric>8</symmetric>
      <handles count="1">
        <weight channel="0xf320ba37">0.201306</weight>
      </handles>
      <isasymmetric>false</isasymmetric>
    </blockref>
    <blockref>
      <blockid>0x40626000, 0x33fccc91</blockid>
      <transform>
        <limbtype>0</limbtype>
        <musclescale>0.25</musclescale>
        <basemusclescale>0.999996</basemusclescale>
        <scale>1</scale>
        <position>-0.164654,-0.0303540,0.683609</position>
        <triangledirection>-0.00655587,-0.419640,0.907666</triangledirection>
        <trianglepickorigin>0,0,0</trianglepickorigin>
        <orientation>
          <row0>-0.999321,0.0356278,0.00925388</row0>
          <row1>-0.00655587,-0.419640,0.907666</row1>
          <row2>0.0362215,0.906991,0.419589</row2>
        </orientation>
      </transform>
      <snapped>true</snapped>
      <childlist count="1">
        <childid>12</childid>
      </childlist>
      <symmetric>9</symmetric>
      <handles count="1">
        <weight channel="0xf320ba37">0.191156</weight>
      </handles>
      <isasymmetric>false</isasymmetric>
    </blockref>
    <blockref>
      <blockid>0x40626000, 0x5b479808</blockid>
      <transform>
        <basemusclescale>0.742191</basemusclescale>
        <scale>0.860705</scale>
        <position>-0.160712,0.222181,0.137382</position>
        <triangledirection>-4.52257e-5,1,6.45867e-6</triangledirection>
        <trianglepickorigin>0,0,0</trianglepickorigin>
        <orientation>
          <row0>1,4.52243e-5,0.000209275</row0>
          <row1>-4.52257e-5,1,6.45867e-6</row1>
          <row2>-0.000209274,-6.46812e-6,1</row2>
        </orientation>
      </transform>
      <snapped>true</snapped>
      <symmetric>13</symmetric>
      <handles count="1">
        <weight channel="0x2e6521f4">0.636429</weight>
      </handles>
      <isasymmetric>false</isasymmetric>
    </blockref>
    <blockref>
      <blockid>0x40626000, 0x540e5be6</blockid>
      <transform>
        <basemusclescale>0.742191</basemusclescale>
        <scale>0.860705</scale>
        <position>0.160712,0.222181,0.137382</position>
        <triangledirection>4.52257e-5,1,6.45867e-6</triangledirection>
        <trianglepickorigin>0,0,0</trianglepickorigin>
        <orientation>
          <row0>1,-4.52243e-5,-0.000209275</row0>
          <row1>4.52257e-5,1,6.45867e-6</row1>
          <row2>0.000209274,-6.46812e-6,1</row2>
        </orientation>
      </transform>
      <snapped>true</snapped>
      <symmetric>12</symmetric>
      <handles count="1">
        <weight channel="0x2e6521f4">0.636429</weight>
      </handles>
      <isasymmetric>false</isasymmetric>
    </blockref>
    <blockref>
      <blockid>0x40626000, 0x2051ae2d</blockid>
      <transform>
        <limbtype>0</limbtype>
        <musclescale>0.75</musclescale>
        <basemusclescale>1.399994</basemusclescale>
        <scale>1</scale>
        <position>0.145688,0.125468,1.908324</position>
        <triangledirection>-0.788092,-0.343820,0.510583</triangledirection>
        <trianglepickorigin>0,0,0</trianglepickorigin>
        <orientation>
          <row0>0.336520,-0.935190,-0.110319</row0>
          <row1>-0.788092,-0.343820,0.510583</row1>
          <row2>-0.515424,-0.0848805,-0.852720</row2>
        </orientation>
      </transform>
      <snapped>false</snapped>
      <childlist count="1">
        <childid>15</childid>
      </childlist>
      <symmetric>17</symmetric>
      <handles count="1">
        <weight channel="0xf320ba37">0.0469236</weight>
      </handles>
      <isasymmetric>false</isasymmetric>
    </blockref>
    <blockref>
      <blockid>0x40626000, 0x2051ae2d</blockid>
      <transform>
        <limbtype>0</limbtype>
        <musclescale>0.5</musclescale>
        <basemusclescale>0.949998</basemusclescale>
        <scale>1</scale>
        <position>0.282920,0.185337,1.819414</position>
        <triangledirection>-0.313484,-0.221726,0.923344</triangledirection>
        <trianglepickorigin>0,0,0</trianglepickorigin>
        <orientation>
          <row0>0.336519,-0.935190,-0.110319</row0>
          <row1>-0.313484,-0.221726,0.923344</row1>
          <row2>-0.887964,-0.276140,-0.367783</row2>
        </orientation>
      </transform>
      <snapped>true</snapped>
      <childlist count="1">
        <childid>16</childid>
      </childlist>
      <symmetric>18</symmetric>
      <handles count="1">
        <weight channel="0xf320ba37">0.118431</weight>
      </handles>
      <isasymmetric>false</isasymmetric>
    </blockref>
    <blockref>
      <blockid>0x40626000, 0x2051ae2d</blockid>
      <transform>
        <limbtype>0</limbtype>
        <musclescale>0.324999</musclescale>
        <basemusclescale>0.899995</basemusclescale>
        <scale>1</scale>
        <position>0.403970,0.270956,1.462864</position>
        <triangledirection>-0.151633,0.326462,0.932968</triangledirection>
        <trianglepickorigin>0,0,0</trianglepickorigin>
        <orientation>
          <row0>0.927872,-0.278306,0.248190</row0>
          <row1>-0.151633,0.326462,0.932968</row1>
          <row2>-0.340676,-0.903308,0.260713</row2>
        </orientation>
      </transform>
      <snapped>true</snapped>
      <childlist count="1">
        <childid>21</childid>
      </childlist>
      <symmetric>19</symmetric>
      <handles count="1">
        <weight channel="0xf320ba37">0.133184</weight>
      </handles>
      <isasymmetric>false</isasymmetric>
    </blockref>
    <blockref>
      <blockid>0x40626000, 0x2051ae2d</blockid>
      <transform>
        <limbtype>0</limbtype>
        <musclescale>0.75</musclescale>
        <basemusclescale>1.399994</basemusclescale>
        <scale>1</scale>
        <position>-0.145688,0.125468,1.908324</position>
        <triangledirection>0.788092,-0.343820,0.510583</triangledirection>
        <trianglepickorigin>0,0,0</trianglepickorigin>
        <orientation>
          <row0>0.336520,0.935190,0.110319</row0>
          <row1>0.788092,-0.343820,0.510583</row1>
          <row2>0.515424,-0.0848805,-0.852720</row2>
        </orientation>
      </transform>
      <snapped>false</snapped>
      <childlist count="1">
        <childid>18</childid>
      </childlist>
      <symmetric>14</symmetric>
      <handles count="1">
        <weight channel="0xf320ba37">0.0469236</weight>
      </handles>
      <isasymmetric>false</isasymmetric>
    </blockref>
    <blockref>
      <blockid>0x40626000, 0x2051ae2d</blockid>
      <transform>
        <limbtype>0</limbtype>
        <musclescale>0.5</musclescale>
        <basemusclescale>0.949998</basemusclescale>
        <scale>1</scale>
        <position>-0.282920,0.185337,1.819414</position>
        <triangledirection>0.313484,-0.221726,0.923344</triangledirection>
        <trianglepickorigin>0,0,0</trianglepickorigin>
        <orientation>
          <row0>0.336519,0.935190,0.110319</row0>
          <row1>0.313484,-0.221726,0.923344</row1>
          <row2>0.887964,-0.276140,-0.367783</row2>
        </orientation>
      </transform>
      <snapped>true</snapped>
      <childlist count="1">
        <childid>19</childid>
      </childlist>
      <symmetric>15</symmetric>
      <handles count="1">
        <weight channel="0xf320ba37">0.118431</weight>
      </handles>
      <isasymmetric>false</isasymmetric>
    </blockref>
    <blockref>
      <blockid>0x40626000, 0x2051ae2d</blockid>
      <transform>
        <limbtype>0</limbtype>
        <musclescale>0.324999</musclescale>
        <basemusclescale>0.899995</basemusclescale>
        <scale>1</scale>
        <position>-0.403970,0.270956,1.462864</position>
        <triangledirection>0.151633,0.326462,0.932968</triangledirection>
        <trianglepickorigin>0,0,0</trianglepickorigin>
        <orientation>
          <row0>0.927872,0.278306,-0.248190</row0>
          <row1>0.151633,0.326462,0.932968</row1>
          <row2>0.340676,-0.903308,0.260713</row2>
        </orientation>
      </transform>
      <snapped>true</snapped>
      <childlist count="1">
        <childid>20</childid>
      </childlist>
      <symmetric>16</symmetric>
      <handles count="1">
        <weight channel="0xf320ba37">0.133184</weight>
      </handles>
      <isasymmetric>false</isasymmetric>
    </blockref>
    <blockref>
      <blockid>0x40626000, 0x8738c83d</blockid>
      <transform>
        <basemusclescale>0.715920</basemusclescale>
        <scale>1.161834</scale>
        <position>-0.469159,0.130611,1.061792</position>
        <triangledirection>-0.200527,0.480289,0.853877</triangledirection>
        <trianglepickorigin>0,0,0</trianglepickorigin>
        <orientation>
          <row0>0.118768,-0.943060,0.310689</row0>
          <row1>0.151633,0.326462,0.932968</row1>
          <row2>-0.981275,-0.0636970,0.181773</row2>
        </orientation>
        <userorientation>
          <userorientation_row0>0.883022,0.321393,-0.342020</userorientation_row0>
          <userorientation_row1>-0.211467,0.923030,0.321393</userorientation_row1>
          <userorientation_row2>0.418987,-0.211467,0.883022</userorientation_row2>
        </userorientation>
      </transform>
      <snapped>true</snapped>
      <symmetric>21</symmetric>
      <isasymmetric>false</isasymmetric>
    </blockref>
    <blockref>
      <blockid>0x40626000, 0xd82377eb</blockid>
      <transform>
        <basemusclescale>0.715920</basemusclescale>
        <scale>1.161834</scale>
        <position>0.469159,0.130611,1.061792</position>
        <triangledirection>0.200527,0.480289,0.853877</triangledirection>
        <trianglepickorigin>0,0,0</trianglepickorigin>
        <orientation>
          <row0>0.118768,0.943060,-0.310689</row0>
          <row1>-0.151633,0.326462,0.932968</row1>
          <row2>0.981275,-0.0636970,0.181773</row2>
        </orientation>
        <userorientation>
          <userorientation_row0>0.883022,-0.321393,0.342020</userorientation_row0>
          <userorientation_row1>0.211467,0.923030,0.321393</userorientation_row1>
          <userorientation_row2>-0.418987,-0.211467,0.883022</userorientation_row2>
        </userorientation>
      </transform>
      <snapped>true</snapped>
      <symmetric>20</symmetric>
      <isasymmetric>false</isasymmetric>
    </blockref>
    <blockref>
      <blockid>0x40626000, 0xd05c53a3</blockid>
      <transform>
        <scale>0.669103</scale>
        <position>0,-0.163443,2.175348</position>
        <triangledirection>0,-0.813970,0.580904</triangledirection>
        <trianglepickorigin>0,0,0</trianglepickorigin>
        <orientation>
          <row0>1,0,0</row0>
          <row1>0,-0.813970,0.580904</row1>
          <row2>0,-0.580904,-0.813970</row2>
        </orientation>
      </transform>
      <snapped>false</snapped>
      <childlist count="6">
        <childid>36</childid>
        <childid>35</childid>
        <childid>30</childid>
        <childid>29</childid>
        <childid>24</childid>
        <childid>23</childid>
      </childlist>
      <isasymmetric>false</isasymmetric>
    </blockref>
    <blockref>
      <blockid>0x40626000, 0xf554a0b8</blockid>
      <transform>
        <scale>0.699998</scale>
        <position>-0.0674275,-0.182602,2.161544</position>
        <triangledirection>0.0195854,0.965444,0.259858</triangledirection>
        <trianglepickorigin>0,0,0</trianglepickorigin>
        <orientation>
          <row0>0.797462,-0.603366,2.68219e-7</row0>
          <row1>0.461311,0.609710,0.644547</row1>
          <row2>-0.388898,-0.514002,0.764563</row2>
        </orientation>
        <userorientation>
          <userorientation_row0>0.821415,0.496968,-0.279816</userorientation_row0>
          <userorientation_row1>-0.566899,0.765169,-0.305180</userorientation_row1>
          <userorientation_row2>0.0624415,0.409310,0.910255</userorientation_row2>
        </userorientation>
      </transform>
      <snapped>false</snapped>
      <symmetric>24</symmetric>
      <isasymmetric>false</isasymmetric>
    </blockref>
    <blockref>
      <blockid>0x40626000, 0x6676e396</blockid>
      <transform>
        <scale>0.699998</scale>
        <position>0.0674275,-0.182602,2.161544</position>
        <triangledirection>-0.0195854,0.965444,0.259858</triangledirection>
        <trianglepickorigin>0,0,0</trianglepickorigin>
        <orientation>
          <row0>0.797462,0.603366,-2.68219e-7</row0>
          <row1>-0.461311,0.609710,0.644547</row1>
          <row2>0.388898,-0.514002,0.764563</row2>
        </orientation>
        <userorientation>
          <userorientation_row0>0.821415,-0.496968,0.279816</userorientation_row0>
          <userorientation_row1>0.566899,0.765169,-0.305180</userorientation_row1>
          <userorientation_row2>-0.0624415,0.409310,0.910255</userorientation_row2>
        </userorientation>
      </transform>
      <snapped>false</snapped>
      <symmetric>23</symmetric>
      <isasymmetric>false</isasymmetric>
    </blockref>
    <blockref>
      <blockid>0x40626000, 0x06fa3d43</blockid>
      <transform>
        <scale>0.740818</scale>
        <position>1.20782e-5,-0.234830,2.083564</position>
        <triangledirection>-0.00166132,0.940702,0.339226</triangledirection>
        <trianglepickorigin>0,0,0</trianglepickorigin>
        <orientation>
          <row0>0.999997,0.00176605,1.12049e-8</row0>
          <row1>-0.00171728,0.972382,-0.233386</row1>
          <row2>-0.000412185,0.233385,0.972383</row2>
        </orientation>
        <userorientation>
          <userorientation_row0>1,0,0</userorientation_row0>
          <userorientation_row1>0,0.835554,0.549407</userorientation_row1>
          <userorientation_row2>0,-0.549407,0.835554</userorientation_row2>
        </userorientation>
      </transform>
      <snapped>false</snapped>
      <handles count="1">
        <weight channel="0x2e6521f4">0.0589317</weight>
      </handles>
      <isasymmetric>false</isasymmetric>
    </blockref>
    <blockref>
      <blockid>0x40626000, 0xe70274e0</blockid>
      <transform>
        <scale>1</scale>
        <position>-0.132826,-0.0249371,2.152925</position>
        <triangledirection>0.798588,0.0592165,0.598954</triangledirection>
        <trianglepickorigin>0,0,0</trianglepickorigin>
        <orientation>
          <row0>0.0474863,-0.998871,2.23516e-8</row0>
          <row1>0.959313,0.0456059,0.278631</row1>
          <row2>-0.278317,-0.0132312,0.960397</row2>
        </orientation>
        <userorientation>
          <userorientation_row0>0.999741,0.0226844,-1.00278e-5</userorientation_row0>
          <userorientation_row1>-0.0212276,0.935687,0.352189</userorientation_row1>
          <userorientation_row2>0.00799866,-0.352097,0.935926</userorientation_row2>
        </userorientation>
      </transform>
      <snapped>false</snapped>
      <symmetric>27</symmetric>
      <handles count="1">
        <weight channel="0xd02751de">0.0467602</weight>
      </handles>
      <isasymmetric>false</isasymmetric>
    </blockref>
    <blockref>
      <blockid>0x40626000, 0xd6ade96e</blockid>
      <transform>
        <scale>1</scale>
        <position>0.132826,-0.0249371,2.152925</position>
        <triangledirection>-0.798588,0.0592165,0.598954</triangledirection>
        <trianglepickorigin>0,0,0</trianglepickorigin>
        <orientation>
          <row0>0.0474863,0.998871,-1.18277e-7</row0>
          <row1>-0.959313,0.0456059,0.278631</row1>
          <row2>0.278317,-0.0132310,0.960397</row2>
        </orientation>
        <userorientation>
          <userorientation_row0>0.999741,-0.0226844,1.00278e-5</userorientation_row0>
          <userorientation_row1>0.0212276,0.935687,0.352189</userorientation_row1>
          <userorientation_row2>-0.00799866,-0.352097,0.935926</userorientation_row2>
        </userorientation>
      </transform>
      <snapped>false</snapped>
      <symmetric>26</symmetric>
      <handles count="1">
        <weight channel="0xd02751de">0.0467602</weight>
      </handles>
      <isasymmetric>false</isasymmetric>
    </blockref>
    <blockref>
      <blockid>0x40626000, 0xfb60af37</blockid>
      <transform>
        <scale>1</scale>
        <position>0,-0.104148,2.080131</position>
        <triangledirection>-0.000996827,0.564436,0.825474</triangledirection>
        <trianglepickorigin>0,0,0</trianglepickorigin>
        <orientation>
          <row0>0.999997,0.00176605,3.08500e-9</row0>
          <row1>-0.000996827,0.564436,0.825474</row1>
          <row2>0.00145782,-0.825474,0.564436</row2>
        </orientation>
      </transform>
      <snapped>false</snapped>
      <childlist count="1">
        <childid>25</childid>
      </childlist>
      <handles count="3">
        <weight channel="0xd02751de">0.749661</weight>
        <weight channel="0x2e6521f4">0.251673</weight>
        <weight channel="0x7cc96c02">0.5</weight>
      </handles>
      <isasymmetric>false</isasymmetric>
    </blockref>
    <blockref>
      <blockid>0x40626000, 0x2275f76c</blockid>
      <transform>
        <scale>0.800000</scale>
        <position>0.0589823,-0.203381,2.178486</position>
        <triangledirection>0.912223,0.156097,-0.378785</triangledirection>
        <trianglepickorigin>0,0,0</trianglepickorigin>
        <orientation>
          <row0>0.867691,0.497101,-3.27825e-7</row0>
          <row1>-0.407059,0.710524,0.573983</row1>
          <row2>0.285328,-0.498041,0.818866</row2>
        </orientation>
        <userorientation>
          <userorientation_row0>0.0248093,0.299858,-0.953660</userorientation_row0>
          <userorientation_row1>0.869126,-0.477833,-0.127635</userorientation_row1>
          <userorientation_row2>-0.493963,-0.825685,-0.272471</userorientation_row2>
        </userorientation>
      </transform>
      <snapped>false</snapped>
      <symmetric>30</symmetric>
      <handles count="2">
        <weight channel="0x2e6521f4">1</weight>
        <weight channel="0xd02751de">0</weight>
      </handles>
      <isasymmetric>false</isasymmetric>
    </blockref>
    <blockref>
      <blockid>0x40626000, 0x2275f76c</blockid>
      <transform>
        <scale>0.800000</scale>
        <position>-0.0589823,-0.203381,2.178486</position>
        <triangledirection>-0.912223,0.156097,-0.378785</triangledirection>
        <trianglepickorigin>0,0,0</trianglepickorigin>
        <orientation>
          <row0>0.867691,-0.497101,3.27825e-7</row0>
          <row1>0.407059,0.710524,0.573983</row1>
          <row2>-0.285328,-0.498041,0.818866</row2>
        </orientation>
        <userorientation>
          <userorientation_row0>0.0248093,-0.299858,0.953660</userorientation_row0>
          <userorientation_row1>-0.869126,-0.477833,-0.127635</userorientation_row1>
          <userorientation_row2>0.493963,-0.825685,-0.272471</userorientation_row2>
        </userorientation>
      </transform>
      <snapped>false</snapped>
      <symmetric>29</symmetric>
      <handles count="2">
        <weight channel="0x2e6521f4">1</weight>
        <weight channel="0xd02751de">0</weight>
      </handles>
      <isasymmetric>false</isasymmetric>
    </blockref>
    <blockref>
      <blockid>0x40626000, 0x2275f76c</blockid>
      <transform>
        <scale>0.927743</scale>
        <position>0.128242,-0.0831061,2.164140</position>
        <triangledirection>-0.265280,-0.644002,-0.717553</triangledirection>
        <trianglepickorigin>0,0,0</trianglepickorigin>
        <orientation>
          <row0>0.239818,0.970817,4.47033e-8</row0>
          <row1>-0.895117,0.221119,0.387129</row1>
          <row2>0.375831,-0.0928409,0.922025</row2>
        </orientation>
        <userorientation>
          <userorientation_row0>0.134537,0.918672,-0.371398</userorientation_row0>
          <userorientation_row1>-0.688829,-0.182729,-0.701515</userorientation_row1>
          <userorientation_row2>-0.712328,0.350212,0.608223</userorientation_row2>
        </userorientation>
      </transform>
      <snapped>false</snapped>
      <symmetric>32</symmetric>
      <handles count="2">
        <weight channel="0x2e6521f4">1</weight>
        <weight channel="0xd02751de">0</weight>
      </handles>
      <isasymmetric>false</isasymmetric>
    </blockref>
    <blockref>
      <blockid>0x40626000, 0x2275f76c</blockid>
      <transform>
        <scale>0.927743</scale>
        <position>-0.128242,-0.0831061,2.164140</position>
        <triangledirection>0.265280,-0.644002,-0.717553</triangledirection>
        <trianglepickorigin>0,0,0</trianglepickorigin>
        <orientation>
          <row0>0.239818,-0.970817,-4.47033e-8</row0>
          <row1>0.895117,0.221119,0.387129</row1>
          <row2>-0.375831,-0.0928409,0.922025</row2>
        </orientation>
        <userorientation>
          <userorientation_row0>0.134537,-0.918672,0.371398</userorientation_row0>
          <userorientation_row1>0.688829,-0.182729,-0.701515</userorientation_row1>
          <userorientation_row2>0.712328,0.350212,0.608223</userorientation_row2>
        </userorientation>
      </transform>
      <snapped>false</snapped>
      <symmetric>31</symmetric>
      <handles count="2">
        <weight channel="0x2e6521f4">1</weight>
        <weight channel="0xd02751de">0</weight>
      </handles>
      <isasymmetric>false</isasymmetric>
    </blockref>
    <blockref>
      <blockid>0x40626000, 0x2275f76c</blockid>
      <transform>
        <scale>1</scale>
        <position>0.0893978,0.0518071,2.271096</position>
        <triangledirection>-0.149057,-0.971484,0.184392</triangledirection>
        <trianglepickorigin>0,0,0</trianglepickorigin>
        <orientation>
          <row0>-0.666024,0.745930,-4.61935e-7</row0>
          <row1>-0.640237,-0.571654,-0.513131</row1>
          <row2>-0.382761,-0.341758,0.858308</row2>
        </orientation>
        <userorientation>
          <userorientation_row0>0.768172,0.562071,0.306569</userorientation_row0>
          <userorientation_row1>-0.625383,0.556168,0.547330</userorientation_row1>
          <userorientation_row2>0.137134,-0.612168,0.778743</userorientation_row2>
        </userorientation>
      </transform>
      <snapped>false</snapped>
      <symmetric>34</symmetric>
      <handles count="2">
        <weight channel="0x2e6521f4">1</weight>
        <weight channel="0xd02751de">0.294458</weight>
      </handles>
      <isasymmetric>false</isasymmetric>
    </blockref>
    <blockref>
      <blockid>0x40626000, 0x2275f76c</blockid>
      <transform>
        <scale>1</scale>
        <position>-0.0893978,0.0518071,2.271096</position>
        <triangledirection>0.149057,-0.971484,0.184391</triangledirection>
        <trianglepickorigin>0,0,0</trianglepickorigin>
        <orientation>
          <row0>-0.666024,-0.745930,4.61935e-7</row0>
          <row1>0.640237,-0.571654,-0.513131</row1>
          <row2>0.382761,-0.341758,0.858308</row2>
        </orientation>
        <userorientation>
          <userorientation_row0>0.768172,-0.562071,-0.306569</userorientation_row0>
          <userorientation_row1>0.625383,0.556168,0.547330</userorientation_row1>
          <userorientation_row2>-0.137134,-0.612168,0.778743</userorientation_row2>
        </userorientation>
      </transform>
      <snapped>false</snapped>
      <symmetric>33</symmetric>
      <handles count="2">
        <weight channel="0x2e6521f4">1</weight>
        <weight channel="0xd02751de">0.294458</weight>
      </handles>
      <isasymmetric>false</isasymmetric>
    </blockref>
    <blockref>
      <blockid>0x40626000, 0x2275f76c</blockid>
      <transform>
        <scale>1.252321</scale>
        <position>0.0499842,-0.000623759,2.355720</position>
        <triangledirection>0.548835,-0.834360,0.0511333</triangledirection>
        <trianglepickorigin>0,0,0</trianglepickorigin>
        <orientation>
          <row0>-0.872259,0.489042,-2.38417e-7</row0>
          <row1>-0.344381,-0.614239,-0.710007</row1>
          <row2>-0.347223,-0.619310,0.704194</row2>
        </orientation>
        <userorientation>
          <userorientation_row0>0.308559,0.951204,0.00123742</userorientation_row0>
          <userorientation_row1>-0.886766,0.287184,0.362167</userorientation_row1>
          <userorientation_row2>0.344141,-0.112847,0.932111</userorientation_row2>
        </userorientation>
      </transform>
      <snapped>false</snapped>
      <symmetric>36</symmetric>
      <handles count="2">
        <weight channel="0x2e6521f4">1</weight>
        <weight channel="0xd02751de">0</weight>
      </handles>
      <isasymmetric>false</isasymmetric>
    </blockref>
    <blockref>
      <blockid>0x40626000, 0x2275f76c</blockid>
      <transform>
        <scale>1.252321</scale>
        <position>-0.0499842,-0.000623714,2.355720</position>
        <triangledirection>-0.548834,-0.834361,0.0511335</triangledirection>
        <trianglepickorigin>0,0,0</trianglepickorigin>
        <orientation>
          <row0>-0.872259,-0.489044,1.49010e-8</row0>
          <row1>0.344381,-0.614239,-0.710005</row1>
          <row2>0.347223,-0.619309,0.704195</row2>
        </orientation>
        <userorientation>
          <userorientation_row0>0.308559,-0.951204,-0.00123742</userorientation_row0>
          <userorientation_row1>0.886766,0.287184,0.362167</userorientation_row1>
          <userorientation_row2>-0.344141,-0.112847,0.932111</userorientation_row2>
        </userorientation>
      </transform>
      <snapped>false</snapped>
      <symmetric>35</symmetric>
      <handles count="2">
        <weight channel="0x2e6521f4">1</weight>
        <weight channel="0xd02751de">0</weight>
      </handles>
      <isasymmetric>false</isasymmetric>
    </blockref>
    <blockref>
      <blockid>0x40626000, 0x2275f76c</blockid>
      <transform>
        <scale>0.999997</scale>
        <position>0,0.0916057,2.276226</position>
        <triangledirection>0,-0.960874,0.276978</triangledirection>
        <trianglepickorigin>0,0,0</trianglepickorigin>
        <orientation>
          <row0>1,0,0</row0>
          <row1>0,-0.779491,-0.626411</row1>
          <row2>0,0.626411,-0.779491</row2>
        </orientation>
        <userorientation>
          <userorientation_row0>1,0,0</userorientation_row0>
          <userorientation_row1>0,0.575491,-0.817807</userorientation_row1>
          <userorientation_row2>0,0.817807,0.575491</userorientation_row2>
        </userorientation>
      </transform>
      <snapped>false</snapped>
      <handles count="2">
        <weight channel="0x2e6521f4">1</weight>
        <weight channel="0xd02751de">0.146270</weight>
      </handles>
      <isasymmetric>false</isasymmetric>
    </blockref>
    <blockref>
      <blockid>0x40626000, 0x2275f76c</blockid>
      <transform>
        <scale>1.252321</scale>
        <position>0.128700,-0.0126692,2.271743</position>
        <triangledirection>-0.480197,-0.864856,-0.146391</triangledirection>
        <trianglepickorigin>0,0,0</trianglepickorigin>
        <orientation>
          <row0>-0.363994,0.931400,2.01164e-7</row0>
          <row1>-0.890699,-0.348089,-0.292382</row1>
          <row2>-0.272325,-0.106426,0.956300</row2>
        </orientation>
        <userorientation>
          <userorientation_row0>0.773832,0.633351,-0.00702208</userorientation_row0>
          <userorientation_row1>-0.630738,0.771561,0.0828182</userorientation_row1>
          <userorientation_row2>0.0578709,-0.0596584,0.996537</userorientation_row2>
        </userorientation>
      </transform>
      <snapped>false</snapped>
      <symmetric>39</symmetric>
      <handles count="2">
        <weight channel="0x2e6521f4">1</weight>
        <weight channel="0xd02751de">0</weight>
      </handles>
      <isasymmetric>false</isasymmetric>
    </blockref>
    <blockref>
      <blockid>0x40626000, 0x2275f76c</blockid>
      <transform>
        <scale>1.252321</scale>
        <position>-0.128700,-0.0126692,2.271744</position>
        <triangledirection>0.480195,-0.864856,-0.146391</triangledirection>
        <trianglepickorigin>0,0,0</trianglepickorigin>
        <orientation>
          <row0>-0.363995,-0.931400,4.24683e-7</row0>
          <row1>0.890699,-0.348089,-0.292382</row1>
          <row2>0.272325,-0.106425,0.956300</row2>
        </orientation>
        <userorientation>
          <userorientation_row0>0.773832,-0.633351,0.00702208</userorientation_row0>
          <userorientation_row1>0.630738,0.771561,0.0828182</userorientation_row1>
          <userorientation_row2>-0.0578709,-0.0596584,0.996537</userorientation_row2>
        </userorientation>
      </transform>
      <snapped>false</snapped>
      <symmetric>38</symmetric>
      <handles count="2">
        <weight channel="0x2e6521f4">1</weight>
        <weight channel="0xd02751de">0</weight>
      </handles>
      <isasymmetric>false</isasymmetric>
    </blockref>
    <blockref>
      <blockid>0x40626000, 0x309afb5b</blockid>
      <transform>
        <scale>1.252321</scale>
        <position>0,-0.0591530,1.433933</position>
        <triangledirection>0,0.256754,0.966476</triangledirection>
        <trianglepickorigin>0,0,0</trianglepickorigin>
        <orientation>
          <row0>1,0,0</row0>
          <row1>0,0.999162,0.0409255</row1>
          <row2>0,-0.0409255,0.999162</row2>
        </orientation>
        <userorientation>
          <userorientation_row0>-1,0,0</userorientation_row0>
          <userorientation_row1>0,0.296092,0.955159</userorientation_row1>
          <userorientation_row2>0,0.955159,-0.296092</userorientation_row2>
        </userorientation>
      </transform>
      <snapped>false</snapped>
      <handles count="2">
        <weight channel="0x7cc96c02">0</weight>
        <weight channel="0xd02751de">0.371623</weight>
      </handles>
      <isasymmetric>false</isasymmetric>
    </blockref>
    <blockref>
      <blockid>0x40626000, 0x309afb5b</blockid>
      <transform>
        <scale>1.252321</scale>
        <position>0,0.385322,1.476487</position>
        <triangledirection>0,-0.0681046,0.997677</triangledirection>
        <trianglepickorigin>0,0,0</trianglepickorigin>
        <orientation>
          <row0>1,0,0</row0>
          <row1>0,-0.999907,-0.0135455</row1>
          <row2>0,0.0135455,-0.999907</row2>
        </orientation>
        <userorientation>
          <userorientation_row0>1,0,0</userorientation_row0>
          <userorientation_row1>0,0.0545842,-0.998508</userorientation_row1>
          <userorientation_row2>0,0.998508,0.0545842</userorientation_row2>
        </userorientation>
      </transform>
      <snapped>false</snapped>
      <handles count="2">
        <weight channel="0x7cc96c02">0</weight>
        <weight channel="0xd02751de">0.371623</weight>
      </handles>
      <isasymmetric>false</isasymmetric>
    </blockref>
  </blocks></sporemodel>