<?xml version="1.0" encoding="UTF-8"?><sporemodel>
  <formatversion>18</formatversion>
  <properties>
    <modeltype>0x4178b8e8</modeltype>
    <skineffect1>0x8ec5176c</skineffect1>
    <skineffect2>0xcf48a38f</skineffect2>
    <skineffect3>0xdd5391a5</skineffect3>
    <skineffectseed1>1234</skineffectseed1>
    <skineffectseed2>1234</skineffectseed2>
    <skineffectseed3>1234</skineffectseed3>
    <skincolor1>1,0.803919,0.729411</skincolor1>
    <skincolor2>0.749019,0.749019,0.749019</skincolor2>
    <skincolor3>0.607842,1,0.0509802</skincolor3>
    <zcorpscore>0</zcorpscore>
  </properties>
  <blocks count="56">
    <blockref>
      <blockid>0x40626000, 0xd05c53a3</blockid>
      <transform>
        <scale>0.855265</scale>
        <position>0,-0.0325214,1.193737</position>
        <triangledirection>0,-0.0192827,0.999813</triangledirection>
        <trianglepickorigin>0,0,0</trianglepickorigin>
        <orientation>
          <row0>1,0,0</row0>
          <row1>0,-0.0192827,0.999813</row1>
          <row2>0,-0.999813,-0.0192827</row2>
        </orientation>
      </transform>
      <snapped>false</snapped>
      <childlist count="4">
        <childid>53</childid>
        <childid>10</childid>
        <childid>8</childid>
        <childid>1</childid>
      </childlist>
      <isasymmetric>false</isasymmetric>
    </blockref>
    <blockref>
      <blockid>0x40626000, 0xd05c53a3</blockid>
      <transform>
        <scale>1.021877</scale>
        <position>0,-0.0315628,1.304674</position>
        <triangledirection>0,0.0365521,0.999330</triangledirection>
        <trianglepickorigin>0,0,0</trianglepickorigin>
        <orientation>
          <row0>1,0,0</row0>
          <row1>0,0.0365521,0.999330</row1>
          <row2>0,-0.999330,0.0365521</row2>
        </orientation>
      </transform>
      <snapped>false</snapped>
      <childlist count="2">
        <childid>55</childid>
        <childid>2</childid>
      </childlist>
      <isasymmetric>false</isasymmetric>
    </blockref>
    <blockref>
      <blockid>0x40626000, 0xd05c53a3</blockid>
      <transform>
        <scale>0.921934</scale>
        <position>0,-0.0209992,1.414178</position>
        <triangledirection>0,0.155151,0.987890</triangledirection>
        <trianglepickorigin>0,0,0</trianglepickorigin>
        <orientation>
          <row0>1,0,0</row0>
          <row1>0,0.155151,0.987890</row1>
          <row2>0,-0.987890,0.155151</row2>
        </orientation>
      </transform>
      <snapped>false</snapped>
      <childlist count="1">
        <childid>3</childid>
      </childlist>
      <isasymmetric>false</isasymmetric>
    </blockref>
    <blockref>
      <blockid>0x40626000, 0xd05c53a3</blockid>
      <transform>
        <scale>0.798416</scale>
        <position>0,-0.00372871,1.524513</position>
        <triangledirection>0,0.154137,0.988048</triangledirection>
        <trianglepickorigin>0,0,0</trianglepickorigin>
        <orientation>
          <row0>1,0,0</row0>
          <row1>0,0.154137,0.988048</row1>
          <row2>0,-0.988048,0.154137</row2>
        </orientation>
      </transform>
      <snapped>false</snapped>
      <childlist count="1">
        <childid>4</childid>
      </childlist>
      <isasymmetric>false</isasymmetric>
    </blockref>
    <blockref>
      <blockid>0x40626000, 0xd05c53a3</blockid>
      <transform>
        <scale>0.737586</scale>
        <position>0,0.00729906,1.636849</position>
        <triangledirection>0,0.0409427,0.999161</triangledirection>
        <trianglepickorigin>0,0,0</trianglepickorigin>
        <orientation>
          <row0>1,0,0</row0>
          <row1>0,0.0409427,0.999161</row1>
          <row2>0,-0.999161,0.0409427</row2>
        </orientation>
      </transform>
      <snapped>false</snapped>
      <childlist count="3">
        <childid>17</childid>
        <childid>14</childid>
        <childid>5</childid>
      </childlist>
      <isasymmetric>false</isasymmetric>
    </blockref>
    <blockref>
      <blockid>0x40626000, 0xd05c53a3</blockid>
      <transform>
        <scale>0.667836</scale>
        <position>0,-0.0183380,1.748090</position>
        <triangledirection>0,-0.474128,0.880455</triangledirection>
        <trianglepickorigin>0,0,0</trianglepickorigin>
        <orientation>
          <row0>1,0,0</row0>
          <row1>0,-0.474128,0.880455</row1>
          <row2>0,-0.880455,-0.474128</row2>
        </orientation>
      </transform>
      <snapped>false</snapped>
      <childlist count="2">
        <childid>29</childid>
        <childid>6</childid>
      </childlist>
      <isasymmetric>false</isasymmetric>
    </blockref>
    <blockref>
      <blockid>0x40626000, 0xd05c53a3</blockid>
      <transform>
        <scale>0.395931</scale>
        <position>0,-0.0986995,1.828958</position>
        <triangledirection>0,-0.877453,0.479658</triangledirection>
        <trianglepickorigin>0,0,0</trianglepickorigin>
        <orientation>
          <row0>1,0,0</row0>
          <row1>0,-0.877453,0.479658</row1>
          <row2>0,-0.479658,-0.877453</row2>
        </orientation>
      </transform>
      <snapped>false</snapped>
      <childlist count="3">
        <childid>31</childid>
        <childid>30</childid>
        <childid>7</childid>
      </childlist>
      <isasymmetric>false</isasymmetric>
    </blockref>
    <blockref>
      <blockid>0x40626000, 0xd05c53a3</blockid>
      <transform>
        <scale>0.629647</scale>
        <position>0,-0.180868,1.895220</position>
        <triangledirection>0,-0.654722,0.755868</triangledirection>
        <trianglepickorigin>0,0,0</trianglepickorigin>
        <orientation>
          <row0>1,0,0</row0>
          <row1>0,-0.654722,0.755868</row1>
          <row2>0,-0.755868,-0.654722</row2>
        </orientation>
      </transform>
      <snapped>false</snapped>
      <childlist count="13">
        <childid>52</childid>
        <childid>51</childid>
        <childid>50</childid>
        <childid>49</childid>
        <childid>48</childid>
        <childid>47</childid>
        <childid>46</childid>
        <childid>33</childid>
        <childid>32</childid>
        <childid>28</childid>
        <childid>27</childid>
        <childid>26</childid>
        <childid>22</childid>
      </childlist>
      <isasymmetric>false</isasymmetric>
    </blockref>
    <blockref>
      <blockid>0x40626000, 0xdec3c22a</blockid>
      <transform>
        <limbtype>0</limbtype>
        <musclescale>0.324999</musclescale>
        <basemusclescale>2.349997</basemusclescale>
        <scale>1</scale>
        <position>0.151693,0.154156,1.101112</position>
        <triangledirection>-0.0238007,0.385479,0.922408</triangledirection>
        <trianglepickorigin>0,0,0</trianglepickorigin>
        <orientation>
          <row0>-0.999306,-0.0355610,-0.0109237</row0>
          <row1>-0.0238007,0.385479,0.922408</row1>
          <row2>-0.0285909,0.922030,-0.386058</row2>
        </orientation>
      </transform>
      <snapped>false</snapped>
      <childlist count="1">
        <childid>9</childid>
      </childlist>
      <symmetric>10</symmetric>
      <handles count="1">
        <weight channel="0xf320ba37">0.173295</weight>
      </handles>
      <isasymmetric>false</isasymmetric>
    </blockref>
    <blockref>
      <blockid>0x40626000, 0x33fccc91</blockid>
      <transform>
        <limbtype>0</limbtype>
        <musclescale>0.25</musclescale>
        <basemusclescale>0.999996</basemusclescale>
        <scale>1</scale>
        <position>0.164656,-0.0558077,0.598688</position>
        <triangledirection>0.00749927,-0.480179,0.877138</triangledirection>
        <trianglepickorigin>0,0,0</trianglepickorigin>
        <orientation>
          <row0>-0.999306,-0.0355610,-0.0109237</row0>
          <row1>0.00749927,-0.480179,0.877138</row1>
          <row2>-0.0364373,0.876448,0.480112</row2>
        </orientation>
      </transform>
      <snapped>true</snapped>
      <childlist count="1">
        <childid>13</childid>
      </childlist>
      <symmetric>11</symmetric>
      <handles count="1">
        <weight channel="0xf320ba37">0.165571</weight>
      </handles>
      <isasymmetric>false</isasymmetric>
    </blockref>
    <blockref>
      <blockid>0x40626000, 0xdec3c22a</blockid>
      <transform>
        <limbtype>0</limbtype>
        <musclescale>0.324999</musclescale>
        <basemusclescale>2.349997</basemusclescale>
        <scale>1</scale>
        <position>-0.151693,0.154156,1.101112</position>
        <triangledirection>0.0238007,0.385479,0.922408</triangledirection>
        <trianglepickorigin>0,0,0</trianglepickorigin>
        <orientation>
          <row0>-0.999306,0.0355610,0.0109237</row0>
          <row1>0.0238007,0.385479,0.922408</row1>
          <row2>0.0285909,0.922030,-0.386058</row2>
        </orientation>
      </transform>
      <snapped>false</snapped>
      <childlist count="1">
        <childid>11</childid>
      </childlist>
      <symmetric>8</symmetric>
      <handles count="1">
        <weight channel="0xf320ba37">0.173295</weight>
      </handles>
      <isasymmetric>false</isasymmetric>
    </blockref>
    <blockref>
      <blockid>0x40626000, 0x33fccc91</blockid>
      <transform>
        <limbtype>0</limbtype>
        <musclescale>0.25</musclescale>
        <basemusclescale>0.999996</basemusclescale>
        <scale>1</scale>
        <position>-0.164656,-0.0558077,0.598688</position>
        <triangledirection>-0.00749927,-0.480179,0.877138</triangledirection>
        <trianglepickorigin>0,0,0</trianglepickorigin>
        <orientation>
          <row0>-0.999306,0.0355610,0.0109237</row0>
          <row1>-0.00749927,-0.480179,0.877138</row1>
          <row2>0.0364373,0.876448,0.480112</row2>
        </orientation>
      </transform>
      <snapped>true</snapped>
      <childlist count="1">
        <childid>12</childid>
      </childlist>
      <symmetric>9</symmetric>
      <handles count="1">
        <weight channel="0xf320ba37">0.165571</weight>
      </handles>
      <isasymmetric>false</isasymmetric>
    </blockref>
    <blockref>
      <blockid>0x40626000, 0x5b479808</blockid>
      <transform>
        <basemusclescale>0.742191</basemusclescale>
        <scale>0.860705</scale>
        <position>-0.160714,0.196725,0.137383</position>
        <triangledirection>-4.52257e-5,1,6.45867e-6</triangledirection>
        <trianglepickorigin>0,0,0</trianglepickorigin>
        <orientation>
          <row0>1,4.52243e-5,0.000209275</row0>
          <row1>-4.52257e-5,1,6.45867e-6</row1>
          <row2>-0.000209274,-6.46812e-6,1</row2>
        </orientation>
      </transform>
      <snapped>true</snapped>
      <symmetric>13</symmetric>
      <handles count="1">
        <weight channel="0x2e6521f4">0.636429</weight>
      </handles>
      <isasymmetric>false</isasymmetric>
    </blockref>
    <blockref>
      <blockid>0x40626000, 0x540e5be6</blockid>
      <transform>
        <basemusclescale>0.742191</basemusclescale>
        <scale>0.860705</scale>
        <position>0.160714,0.196725,0.137383</position>
        <triangledirection>4.52257e-5,1,6.45867e-6</triangledirection>
        <trianglepickorigin>0,0,0</trianglepickorigin>
        <orientation>
          <row0>1,-4.52243e-5,-0.000209275</row0>
          <row1>4.52257e-5,1,6.45867e-6</row1>
          <row2>0.000209274,-6.46812e-6,1</row2>
        </orientation>
      </transform>
      <snapped>true</snapped>
      <symmetric>12</symmetric>
      <handles count="1">
        <weight channel="0x2e6521f4">0.636429</weight>
      </handles>
      <isasymmetric>false</isasymmetric>
    </blockref>
    <blockref>
      <blockid>0x40626000, 0x2051ae2d</blockid>
      <transform>
        <limbtype>0</limbtype>
        <musclescale>0.75</musclescale>
        <basemusclescale>1.399994</basemusclescale>
        <scale>1</scale>
        <position>0.145692,0.0590806,1.744765</position>
        <triangledirection>-0.794842,-0.339323,0.503075</triangledirection>
        <trianglepickorigin>0,0,0</trianglepickorigin>
        <orientation>
          <row0>0.326270,-0.937986,-0.117174</row0>
          <row1>-0.794842,-0.339323,0.503075</row1>
          <row2>-0.511637,-0.0710022,-0.856262</row2>
        </orientation>
      </transform>
      <snapped>false</snapped>
      <childlist count="1">
        <childid>15</childid>
      </childlist>
      <symmetric>17</symmetric>
      <handles count="1">
        <weight channel="0xf320ba37">0.0476391</weight>
      </handles>
      <isasymmetric>false</isasymmetric>
    </blockref>
    <blockref>
      <blockid>0x40626000, 0x2051ae2d</blockid>
      <transform>
        <limbtype>0</limbtype>
        <musclescale>0.5</musclescale>
        <basemusclescale>0.949998</basemusclescale>
        <scale>1</scale>
        <position>0.285784,0.118886,1.656098</position>
        <triangledirection>-0.306585,-0.222261,0.925529</triangledirection>
        <trianglepickorigin>0,0,0</trianglepickorigin>
        <orientation>
          <row0>0.326269,-0.937986,-0.117174</row0>
          <row1>-0.306585,-0.222261,0.925529</row1>
          <row2>-0.894177,-0.266047,-0.360089</row2>
        </orientation>
      </transform>
      <snapped>true</snapped>
      <childlist count="1">
        <childid>16</childid>
      </childlist>
      <symmetric>18</symmetric>
      <handles count="1">
        <weight channel="0xf320ba37">0.118211</weight>
      </handles>
      <isasymmetric>false</isasymmetric>
    </blockref>
    <blockref>
      <blockid>0x40626000, 0x2051ae2d</blockid>
      <transform>
        <limbtype>0</limbtype>
        <musclescale>0.324999</musclescale>
        <basemusclescale>0.899995</basemusclescale>
        <scale>1</scale>
        <position>0.403970,0.204567,1.299306</position>
        <triangledirection>-0.151638,0.326463,0.932967</triangledirection>
        <trianglepickorigin>0,0,0</trianglepickorigin>
        <orientation>
          <row0>0.932215,-0.266553,0.244788</row0>
          <row1>-0.151638,0.326463,0.932967</row1>
          <row2>-0.328601,-0.906845,0.263913</row2>
        </orientation>
      </transform>
      <snapped>true</snapped>
      <childlist count="1">
        <childid>21</childid>
      </childlist>
      <symmetric>19</symmetric>
      <handles count="1">
        <weight channel="0xf320ba37">0.133184</weight>
      </handles>
      <isasymmetric>false</isasymmetric>
    </blockref>
    <blockref>
      <blockid>0x40626000, 0x2051ae2d</blockid>
      <transform>
        <limbtype>0</limbtype>
        <musclescale>0.75</musclescale>
        <basemusclescale>1.399994</basemusclescale>
        <scale>1</scale>
        <position>-0.145692,0.0590806,1.744765</position>
        <triangledirection>0.794842,-0.339323,0.503075</triangledirection>
        <trianglepickorigin>0,0,0</trianglepickorigin>
        <orientation>
          <row0>0.326270,0.937986,0.117174</row0>
          <row1>0.794842,-0.339323,0.503075</row1>
          <row2>0.511637,-0.0710022,-0.856262</row2>
        </orientation>
      </transform>
      <snapped>false</snapped>
      <childlist count="1">
        <childid>18</childid>
      </childlist>
      <symmetric>14</symmetric>
      <handles count="1">
        <weight channel="0xf320ba37">0.0476391</weight>
      </handles>
      <isasymmetric>false</isasymmetric>
    </blockref>
    <blockref>
      <blockid>0x40626000, 0x2051ae2d</blockid>
      <transform>
        <limbtype>0</limbtype>
        <musclescale>0.5</musclescale>
        <basemusclescale>0.949998</basemusclescale>
        <scale>1</scale>
        <position>-0.285784,0.118886,1.656098</position>
        <triangledirection>0.306585,-0.222261,0.925529</triangledirection>
        <trianglepickorigin>0,0,0</trianglepickorigin>
        <orientation>
          <row0>0.326269,0.937986,0.117174</row0>
          <row1>0.306585,-0.222261,0.925529</row1>
          <row2>0.894177,-0.266047,-0.360089</row2>
        </orientation>
      </transform>
      <snapped>true</snapped>
      <childlist count="1">
        <childid>19</childid>
      </childlist>
      <symmetric>15</symmetric>
      <handles count="1">
        <weight channel="0xf320ba37">0.118211</weight>
      </handles>
      <isasymmetric>false</isasymmetric>
    </blockref>
    <blockref>
      <blockid>0x40626000, 0x2051ae2d</blockid>
      <transform>
        <limbtype>0</limbtype>
        <musclescale>0.324999</musclescale>
        <basemusclescale>0.899995</basemusclescale>
        <scale>1</scale>
        <position>-0.403970,0.204567,1.299306</position>
        <triangledirection>0.151638,0.326463,0.932967</triangledirection>
        <trianglepickorigin>0,0,0</trianglepickorigin>
        <orientation>
          <row0>0.932215,0.266553,-0.244788</row0>
          <row1>0.151638,0.326463,0.932967</row1>
          <row2>0.328601,-0.906845,0.263913</row2>
        </orientation>
      </transform>
      <snapped>true</snapped>
      <childlist count="1">
        <childid>20</childid>
      </childlist>
      <symmetric>16</symmetric>
      <handles count="1">
        <weight channel="0xf320ba37">0.133184</weight>
      </handles>
      <isasymmetric>false</isasymmetric>
    </blockref>
    <blockref>
      <blockid>0x40626000, 0x8738c83d</blockid>
      <transform>
        <basemusclescale>0.715920</basemusclescale>
        <scale>1.161834</scale>
        <position>-0.469159,0.0642246,0.898234</position>
        <triangledirection>-0.200524,0.480291,0.853877</triangledirection>
        <trianglepickorigin>0,0,0</trianglepickorigin>
        <orientation>
          <row0>0.118771,-0.943060,0.310689</row0>
          <row1>0.151638,0.326463,0.932967</row1>
          <row2>-0.981274,-0.0636971,0.181777</row2>
        </orientation>
        <userorientation>
          <userorientation_row0>0.883022,0.321393,-0.342020</userorientation_row0>
          <userorientation_row1>-0.211467,0.923030,0.321393</userorientation_row1>
          <userorientation_row2>0.418987,-0.211467,0.883022</userorientation_row2>
        </userorientation>
      </transform>
      <snapped>true</snapped>
      <symmetric>21</symmetric>
      <isasymmetric>false</isasymmetric>
    </blockref>
    <blockref>
      <blockid>0x40626000, 0xd82377eb</blockid>
      <transform>
        <basemusclescale>0.715920</basemusclescale>
        <scale>1.161834</scale>
        <position>0.469159,0.0642246,0.898234</position>
        <triangledirection>0.200524,0.480291,0.853877</triangledirection>
        <trianglepickorigin>0,0,0</trianglepickorigin>
        <orientation>
          <row0>0.118771,0.943060,-0.310689</row0>
          <row1>-0.151638,0.326463,0.932967</row1>
          <row2>0.981274,-0.0636971,0.181777</row2>
        </orientation>
        <userorientation>
          <userorientation_row0>0.883022,-0.321393,0.342020</userorientation_row0>
          <userorientation_row1>0.211467,0.923030,0.321393</userorientation_row1>
          <userorientation_row2>-0.418987,-0.211467,0.883022</userorientation_row2>
        </userorientation>
      </transform>
      <snapped>true</snapped>
      <symmetric>20</symmetric>
      <isasymmetric>false</isasymmetric>
    </blockref>
    <blockref>
      <blockid>0x40626000, 0xd05c53a3</blockid>
      <transform>
        <scale>0.669103</scale>
        <position>0,-0.257712,1.977409</position>
        <triangledirection>0,-0.710220,0.703978</triangledirection>
        <trianglepickorigin>0,0,0</trianglepickorigin>
        <orientation>
          <row0>1,0,0</row0>
          <row1>0,-0.710220,0.703978</row1>
          <row2>0,-0.703978,-0.710220</row2>
        </orientation>
      </transform>
      <snapped>false</snapped>
      <childlist count="6">
        <childid>43</childid>
        <childid>42</childid>
        <childid>41</childid>
        <childid>40</childid>
        <childid>24</childid>
        <childid>23</childid>
      </childlist>
      <isasymmetric>false</isasymmetric>
    </blockref>
    <blockref>
      <blockid>0x40626000, 0xf554a0b8</blockid>
      <transform>
        <scale>0.699998</scale>
        <position>-0.0674277,-0.278838,1.966856</position>
        <triangledirection>0.0195790,0.994629,0.101590</triangledirection>
        <trianglepickorigin>0,0,0</trianglepickorigin>
        <orientation>
          <row0>0.797466,-0.595544,0.0968078</row0>
          <row1>0.461306,0.705228,0.538372</row1>
          <row2>-0.388897,-0.384676,0.837126</row2>
        </orientation>
        <userorientation>
          <userorientation_row0>0.821415,0.496968,-0.279816</userorientation_row0>
          <userorientation_row1>-0.566899,0.765169,-0.305180</userorientation_row1>
          <userorientation_row2>0.0624415,0.409310,0.910255</userorientation_row2>
        </userorientation>
      </transform>
      <snapped>false</snapped>
      <symmetric>24</symmetric>
      <isasymmetric>false</isasymmetric>
    </blockref>
    <blockref>
      <blockid>0x40626000, 0x6676e396</blockid>
      <transform>
        <scale>0.699998</scale>
        <position>0.0674277,-0.278838,1.966856</position>
        <triangledirection>-0.0195790,0.994629,0.101590</triangledirection>
        <trianglepickorigin>0,0,0</trianglepickorigin>
        <orientation>
          <row0>0.797466,0.595544,-0.0968078</row0>
          <row1>-0.461306,0.705228,0.538372</row1>
          <row2>0.388897,-0.384676,0.837126</row2>
        </orientation>
        <userorientation>
          <userorientation_row0>0.821415,-0.496968,0.279816</userorientation_row0>
          <userorientation_row1>0.566899,0.765169,-0.305180</userorientation_row1>
          <userorientation_row2>-0.0624415,0.409310,0.910255</userorientation_row2>
        </userorientation>
      </transform>
      <snapped>false</snapped>
      <symmetric>23</symmetric>
      <isasymmetric>false</isasymmetric>
    </blockref>
    <blockref>
      <blockid>0x40626000, 0x06fa3d43</blockid>
      <transform>
        <scale>0.798515</scale>
        <position>1.20783e-5,-0.342940,1.898406</position>
        <triangledirection>-0.00166130,0.983164,0.182708</triangledirection>
        <trianglepickorigin>0,0,0</trianglepickorigin>
        <orientation>
          <row0>0.999997,0.00174281,-0.000285451</row0>
          <row1>-0.00171725,0.921869,-0.387495</row1>
          <row2>-0.000412180,0.387493,0.921871</row2>
        </orientation>
        <userorientation>
          <userorientation_row0>1,0,0</userorientation_row0>
          <userorientation_row1>0,0.835554,0.549407</userorientation_row1>
          <userorientation_row2>0,-0.549407,0.835554</userorientation_row2>
        </userorientation>
      </transform>
      <snapped>false</snapped>
      <handles count="1">
        <weight channel="0x2e6521f4">0.0589317</weight>
      </handles>
      <isasymmetric>false</isasymmetric>
    </blockref>
    <blockref>
      <blockid>0x40626000, 0xe70274e0</blockid>
      <transform>
        <scale>1</scale>
        <position>-0.132826,-0.124591,1.932927</position>
        <triangledirection>0.798587,0.155254,0.581507</triangledirection>
        <trianglepickorigin>0,0,0</trianglepickorigin>
        <orientation>
          <row0>0.0474869,-0.985736,0.161458</row0>
          <row1>0.959312,0.0900453,0.267598</row1>
          <row2>-0.278319,0.142182,0.949905</row2>
        </orientation>
        <userorientation>
          <userorientation_row0>0.999741,0.0226844,-1.00278e-5</userorientation_row0>
          <userorientation_row1>-0.0212276,0.935687,0.352189</userorientation_row1>
          <userorientation_row2>0.00799866,-0.352097,0.935926</userorientation_row2>
        </userorientation>
      </transform>
      <snapped>false</snapped>
      <symmetric>27</symmetric>
      <handles count="1">
        <weight channel="0xd02751de">0.0467602</weight>
      </handles>
      <isasymmetric>false</isasymmetric>
    </blockref>
    <blockref>
      <blockid>0x40626000, 0xd6ade96e</blockid>
      <transform>
        <scale>1</scale>
        <position>0.132826,-0.124591,1.932927</position>
        <triangledirection>-0.798587,0.155254,0.581507</triangledirection>
        <trianglepickorigin>0,0,0</trianglepickorigin>
        <orientation>
          <row0>0.0474869,0.985736,-0.161458</row0>
          <row1>-0.959312,0.0900453,0.267598</row1>
          <row2>0.278319,0.142182,0.949905</row2>
        </orientation>
        <userorientation>
          <userorientation_row0>0.999741,-0.0226844,1.00278e-5</userorientation_row0>
          <userorientation_row1>0.0212276,0.935687,0.352189</userorientation_row1>
          <userorientation_row2>-0.00799866,-0.352097,0.935926</userorientation_row2>
        </userorientation>
      </transform>
      <snapped>false</snapped>
      <symmetric>26</symmetric>
      <handles count="1">
        <weight channel="0xd02751de">0.0467602</weight>
      </handles>
      <isasymmetric>false</isasymmetric>
    </blockref>
    <blockref>
      <blockid>0x40626000, 0xfb60af37</blockid>
      <transform>
        <scale>1</scale>
        <position>0,-0.214527,1.873893</position>
        <triangledirection>-0.000996818,0.690445,0.723383</triangledirection>
        <trianglepickorigin>0,0,0</trianglepickorigin>
        <orientation>
          <row0>0.999997,0.00174281,-0.000285463</row0>
          <row1>-0.000996818,0.690445,0.723383</row1>
          <row2>0.00145781,-0.723381,0.690446</row2>
        </orientation>
      </transform>
      <snapped>false</snapped>
      <childlist count="10">
        <childid>54</childid>
        <childid>45</childid>
        <childid>44</childid>
        <childid>39</childid>
        <childid>38</childid>
        <childid>37</childid>
        <childid>36</childid>
        <childid>35</childid>
        <childid>34</childid>
        <childid>25</childid>
      </childlist>
      <handles count="3">
        <weight channel="0xd02751de">0.749661</weight>
        <weight channel="0x2e6521f4">0.251673</weight>
        <weight channel="0x7cc96c02">0.5</weight>
      </handles>
      <isasymmetric>false</isasymmetric>
    </blockref>
    <blockref>
      <blockid>0x40626000, 0x2275f76c</blockid>
      <transform>
        <scale>1</scale>
        <position>0,-0.111188,1.796265</position>
        <triangledirection>3.94137e-6,-0.312613,0.949876</triangledirection>
        <trianglepickorigin>0,0,0</trianglepickorigin>
        <orientation>
          <row0>0.999998,0.000988260,0.000321097</row0>
          <row1>-0.000899249,0.668202,0.743977</row1>
          <row2>0.000520684,-0.743977,0.668204</row2>
        </orientation>
        <userorientation>
          <userorientation_row0>1,0,0</userorientation_row0>
          <userorientation_row1>0,0.497797,0.867290</userorientation_row1>
          <userorientation_row2>0,-0.867290,0.497797</userorientation_row2>
        </userorientation>
      </transform>
      <snapped>false</snapped>
      <handles count="2">
        <weight channel="0x2e6521f4">1</weight>
        <weight channel="0xd02751de">1</weight>
      </handles>
      <isasymmetric>false</isasymmetric>
    </blockref>
    <blockref>
      <blockid>0x40626000, 0x2275f76c</blockid>
      <transform>
        <scale>1</scale>
        <position>-0.0787751,-0.104010,1.844200</position>
        <triangledirection>0.0384556,-0.311966,0.949311</triangledirection>
        <trianglepickorigin>0,0,0</trianglepickorigin>
        <orientation>
          <row0>0.446723,-0.844429,-0.295596</row0>
          <row1>0.794368,0.222363,0.565271</row1>
          <row2>-0.411601,-0.487332,0.770123</row2>
        </orientation>
        <userorientation>
          <userorientation_row0>1,0,0</userorientation_row0>
          <userorientation_row1>0,0.497797,0.867290</userorientation_row1>
          <userorientation_row2>0,-0.867290,0.497797</userorientation_row2>
        </userorientation>
      </transform>
      <snapped>false</snapped>
      <symmetric>31</symmetric>
      <handles count="2">
        <weight channel="0x2e6521f4">1</weight>
        <weight channel="0xd02751de">1</weight>
      </handles>
      <isasymmetric>false</isasymmetric>
    </blockref>
    <blockref>
      <blockid>0x40626000, 0x2275f76c</blockid>
      <transform>
        <scale>1</scale>
        <position>0.0805417,-0.104812,1.843297</position>
        <triangledirection>0.0114743,-0.335319,0.942031</triangledirection>
        <trianglepickorigin>0,0,0</trianglepickorigin>
        <orientation>
          <row0>0.415684,0.858431,0.300498</row0>
          <row1>-0.783034,0.169710,0.598375</row1>
          <row2>0.462666,-0.484037,0.742729</row2>
        </orientation>
        <userorientation>
          <userorientation_row0>1,0,0</userorientation_row0>
          <userorientation_row1>0,0.497797,0.867290</userorientation_row1>
          <userorientation_row2>0,-0.867290,0.497797</userorientation_row2>
        </userorientation>
      </transform>
      <snapped>false</snapped>
      <symmetric>30</symmetric>
      <handles count="2">
        <weight channel="0x2e6521f4">1</weight>
        <weight channel="0xd02751de">1</weight>
      </handles>
      <isasymmetric>false</isasymmetric>
    </blockref>
    <blockref>
      <blockid>0x40626000, 0x2275f76c</blockid>
      <transform>
        <scale>1</scale>
        <position>-0.112351,-0.113338,1.881669</position>
        <triangledirection>0.00877847,0.162066,0.986737</triangledirection>
        <trianglepickorigin>0,0,0</trianglepickorigin>
        <orientation>
          <row0>0.0500737,-0.985611,0.161437</row0>
          <row1>0.870540,0.122300,0.476655</row1>
          <row2>-0.489540,0.116669,0.864139</row2>
        </orientation>
        <userorientation>
          <userorientation_row0>1,0,0</userorientation_row0>
          <userorientation_row1>0,0.497797,0.867290</userorientation_row1>
          <userorientation_row2>0,-0.867290,0.497797</userorientation_row2>
        </userorientation>
      </transform>
      <snapped>false</snapped>
      <symmetric>33</symmetric>
      <handles count="2">
        <weight channel="0x2e6521f4">1</weight>
        <weight channel="0xd02751de">1</weight>
      </handles>
      <isasymmetric>false</isasymmetric>
    </blockref>
    <blockref>
      <blockid>0x40626000, 0x2275f76c</blockid>
      <transform>
        <scale>1</scale>
        <position>0.113572,-0.113903,1.882146</position>
        <triangledirection>-0.0163324,0.162434,0.986580</triangledirection>
        <trianglepickorigin>0,0,0</trianglepickorigin>
        <orientation>
          <row0>0.0506071,0.985584,-0.161432</row0>
          <row1>-0.874194,0.121876,0.470028</row1>
          <row2>0.482928,0.117338,0.867762</row2>
        </orientation>
        <userorientation>
          <userorientation_row0>1,0,0</userorientation_row0>
          <userorientation_row1>0,0.497797,0.867290</userorientation_row1>
          <userorientation_row2>0,-0.867290,0.497797</userorientation_row2>
        </userorientation>
      </transform>
      <snapped>false</snapped>
      <symmetric>32</symmetric>
      <handles count="2">
        <weight channel="0x2e6521f4">1</weight>
        <weight channel="0xd02751de">1</weight>
      </handles>
      <isasymmetric>false</isasymmetric>
    </blockref>
    <blockref>
      <blockid>0x40626000, 0x2275f76c</blockid>
      <transform>
        <scale>1</scale>
        <position>0.123790,-0.215029,1.895434</position>
        <triangledirection>-0.520147,-0.430613,0.737573</triangledirection>
        <trianglepickorigin>0,0,0</trianglepickorigin>
        <orientation>
          <row0>0.0932440,0.989494,-0.110472</row0>
          <row1>-0.994805,0.0880426,-0.0510712</row1>
          <row2>-0.0408083,0.114661,0.992565</row2>
        </orientation>
        <userorientation>
          <userorientation_row0>0.622123,0.782917,1.78812e-7</userorientation_row0>
          <userorientation_row1>-0.556073,0.441864,0.703942</userorientation_row1>
          <userorientation_row2>0.551127,-0.437938,0.710255</userorientation_row2>
        </userorientation>
      </transform>
      <snapped>false</snapped>
      <symmetric>35</symmetric>
      <handles count="2">
        <weight channel="0x2e6521f4">0.749234</weight>
        <weight channel="0xd02751de">0.281717</weight>
      </handles>
      <isasymmetric>false</isasymmetric>
    </blockref>
    <blockref>
      <blockid>0x40626000, 0x2275f76c</blockid>
      <transform>
        <scale>1</scale>
        <position>-0.123787,-0.215041,1.895452</position>
        <triangledirection>0.520296,-0.430559,0.737498</triangledirection>
        <trianglepickorigin>0,0,0</trianglepickorigin>
        <orientation>
          <row0>0.0933640,-0.989485,0.110458</row0>
          <row1>0.994790,0.0881476,-0.0512126</row1>
          <row2>0.0409374,0.114665,0.992560</row2>
        </orientation>
        <userorientation>
          <userorientation_row0>0.622123,-0.782917,-1.78812e-7</userorientation_row0>
          <userorientation_row1>0.556073,0.441864,0.703942</userorientation_row1>
          <userorientation_row2>-0.551127,-0.437938,0.710255</userorientation_row2>
        </userorientation>
      </transform>
      <snapped>false</snapped>
      <symmetric>34</symmetric>
      <handles count="2">
        <weight channel="0x2e6521f4">0.749234</weight>
        <weight channel="0xd02751de">0.281717</weight>
      </handles>
      <isasymmetric>false</isasymmetric>
    </blockref>
    <blockref>
      <blockid>0x40626000, 0x2275f76c</blockid>
      <transform>
        <scale>1</scale>
        <position>-3.56698e-6,-0.273467,1.786051</position>
        <triangledirection>-0.000719111,0.549462,0.835518</triangledirection>
        <trianglepickorigin>0,0,0</trianglepickorigin>
        <orientation>
          <row0>0.999997,0.00174279,-0.000285446</row0>
          <row1>-0.000719111,0.549462,0.835518</row1>
          <row2>0.00161299,-0.835515,0.549462</row2>
        </orientation>
      </transform>
      <snapped>false</snapped>
      <symmetric>54</symmetric>
      <handles count="2">
        <weight channel="0x2e6521f4">1</weight>
        <weight channel="0xd02751de">0.265477</weight>
      </handles>
      <isasymmetric>false</isasymmetric>
    </blockref>
    <blockref>
      <blockid>0x40626000, 0x2275f76c</blockid>
      <transform>
        <scale>1</scale>
        <position>-0.0469071,-0.334410,1.831833</position>
        <triangledirection>-0.987711,0.106055,0.114780</triangledirection>
        <trianglepickorigin>0,0,0</trianglepickorigin>
        <orientation>
          <row0>0.856441,-0.513059,0.0572452</row0>
          <row1>0.512966,0.858231,0.0174202</row1>
          <row2>-0.0580674,0.0144456,0.998207</row2>
        </orientation>
        <userorientation>
          <userorientation_row0>-0.447775,0.800225,-0.398918</userorientation_row0>
          <userorientation_row1>-0.893760,-0.413643,0.173461</userorientation_row1>
          <userorientation_row2>-0.0262019,0.434210,0.900430</userorientation_row2>
        </userorientation>
      </transform>
      <snapped>false</snapped>
      <symmetric>38</symmetric>
      <handles count="2">
        <weight channel="0x2e6521f4">0.769854</weight>
        <weight channel="0xd02751de">0</weight>
      </handles>
      <isasymmetric>false</isasymmetric>
    </blockref>
    <blockref>
      <blockid>0x40626000, 0x2275f76c</blockid>
      <transform>
        <scale>1</scale>
        <position>0.0469071,-0.334410,1.831833</position>
        <triangledirection>0.987711,0.106055,0.114780</triangledirection>
        <trianglepickorigin>0,0,0</trianglepickorigin>
        <orientation>
          <row0>0.856441,0.513059,-0.0572452</row0>
          <row1>-0.512966,0.858231,0.0174202</row1>
          <row2>0.0580674,0.0144456,0.998207</row2>
        </orientation>
        <userorientation>
          <userorientation_row0>-0.447775,-0.800225,0.398918</userorientation_row0>
          <userorientation_row1>0.893760,-0.413643,0.173461</userorientation_row1>
          <userorientation_row2>0.0262019,0.434210,0.900430</userorientation_row2>
        </userorientation>
      </transform>
      <snapped>false</snapped>
      <symmetric>37</symmetric>
      <handles count="2">
        <weight channel="0x2e6521f4">0.769854</weight>
        <weight channel="0xd02751de">0</weight>
      </handles>
      <isasymmetric>false</isasymmetric>
    </blockref>
    <blockref>
      <blockid>0x40626000, 0x2275f76c</blockid>
      <transform>
        <scale>1</scale>
        <position>-6.94610e-6,-0.257207,1.762827</position>
        <triangledirection>-0.000188382,0.265980,0.963977</triangledirection>
        <trianglepickorigin>0,0,0</trianglepickorigin>
        <orientation>
          <row0>0.999997,0.00174279,-0.000285451</row0>
          <row1>-0.000188382,0.265980,0.963977</row1>
          <row2>0.00175595,-0.963976,0.265980</row2>
        </orientation>
      </transform>
      <snapped>false</snapped>
      <handles count="2">
        <weight channel="0x2e6521f4">1</weight>
        <weight channel="0xd02751de">0.265477</weight>
      </handles>
      <isasymmetric>false</isasymmetric>
    </blockref>
    <blockref>
      <blockid>0x40626000, 0x2275f76c</blockid>
      <transform>
        <scale>0.800000</scale>
        <position>-0.0710650,-0.297345,2.003374</position>
        <triangledirection>0.898065,0.123120,-0.422273</triangledirection>
        <trianglepickorigin>0,0,0</trianglepickorigin>
        <orientation>
          <row0>0.830542,-0.549736,0.0893606</row0>
          <row1>0.492500,0.799838,0.343075</row1>
          <row2>-0.260075,-0.240927,0.935046</row2>
        </orientation>
        <userorientation>
          <userorientation_row0>-0.767983,0.330163,-0.548802</userorientation_row0>
          <userorientation_row1>0.640465,0.395904,-0.658074</userorientation_row1>
          <userorientation_row2>3.25873e-7,-0.856881,-0.515510</userorientation_row2>
        </userorientation>
      </transform>
      <snapped>false</snapped>
      <symmetric>41</symmetric>
      <handles count="2">
        <weight channel="0x2e6521f4">0.516381</weight>
        <weight channel="0xd02751de">0</weight>
      </handles>
      <isasymmetric>false</isasymmetric>
    </blockref>
    <blockref>
      <blockid>0x40626000, 0x2275f76c</blockid>
      <transform>
        <scale>0.800000</scale>
        <position>0.0710650,-0.297345,2.003374</position>
        <triangledirection>-0.898065,0.123120,-0.422273</triangledirection>
        <trianglepickorigin>0,0,0</trianglepickorigin>
        <orientation>
          <row0>0.830542,0.549736,-0.0893606</row0>
          <row1>-0.492500,0.799838,0.343075</row1>
          <row2>0.260075,-0.240927,0.935046</row2>
        </orientation>
        <userorientation>
          <userorientation_row0>-0.767983,-0.330163,0.548802</userorientation_row0>
          <userorientation_row1>-0.640465,0.395904,-0.658074</userorientation_row1>
          <userorientation_row2>-3.25873e-7,-0.856881,-0.515510</userorientation_row2>
        </userorientation>
      </transform>
      <snapped>false</snapped>
      <symmetric>40</symmetric>
      <handles count="2">
        <weight channel="0x2e6521f4">0.516381</weight>
        <weight channel="0xd02751de">0</weight>
      </handles>
      <isasymmetric>false</isasymmetric>
    </blockref>
    <blockref>
      <blockid>0x40626000, 0x2275f76c</blockid>
      <transform>
        <scale>0.800000</scale>
        <position>0,-0.313733,1.989845</position>
        <triangledirection>-0.717092,0.480596,-0.504777</triangledirection>
        <trianglepickorigin>0,0,0</trianglepickorigin>
        <orientation>
          <row0>0.999998,-0.00119740,0.000194635</row0>
          <row1>0.000994927,0.901314,0.433160</row1>
          <row2>-0.000694095,-0.433160,0.901315</row2>
        </orientation>
        <userorientation>
          <userorientation_row0>-0.696281,-0.220403,0.683089</userorientation_row0>
          <userorientation_row1>-0.717767,0.213806,-0.662642</userorientation_row1>
