<?xml version="1.0" encoding="UTF-8"?><sporemodel>
  <formatversion>18</formatversion>
  <properties>
    <modeltype>0x4178b8e8</modeltype>
    <skineffect1>0x71357e68</skineffect1>
    <skineffect2>0xcf48a38f</skineffect2>
    <skineffect3>0x0628c255</skineffect3>
    <skineffectseed1>1234</skineffectseed1>
    <skineffectseed2>1234</skineffectseed2>
    <skineffectseed3>1234</skineffectseed3>
    <skincolor1>0.164700,0.164700,0.164700</skincolor1>
    <skincolor2>0.694117,0.490195,0.411760</skincolor2>
    <skincolor3>0,0,0</skincolor3>
    <zcorpscore>0</zcorpscore>
  </properties>
  <blocks count="34">
    <blockref>
      <blockid>0x40626000, 0xd05c53a3</blockid>
      <transform>
        <scale>0.318924</scale>
        <position>0,0.385062,0.678017</position>
        <triangledirection>0,0.141510,-0.989935</triangledirection>
        <trianglepickorigin>0,0,0</trianglepickorigin>
        <orientation>
          <row0>1,0,0</row0>
          <row1>0,0.141510,-0.989935</row1>
          <row2>0,0.989935,0.141510</row2>
        </orientation>
      </transform>
      <snapped>false</snapped>
      <isasymmetric>false</isasymmetric>
    </blockref>
    <blockref>
      <blockid>0x40626000, 0xd05c53a3</blockid>
      <transform>
        <scale>0.629000</scale>
        <position>0,0.355199,0.780919</position>
        <triangledirection>0,0.410432,-0.911890</triangledirection>
        <trianglepickorigin>0,0,0</trianglepickorigin>
        <orientation>
          <row0>1,0,0</row0>
          <row1>0,0.410432,-0.911890</row1>
          <row2>0,0.911890,0.410432</row2>
        </orientation>
      </transform>
      <snapped>false</snapped>
      <childlist count="3">
        <childid>23</childid>
        <childid>21</childid>
        <childid>0</childid>
      </childlist>
      <isasymmetric>false</isasymmetric>
    </blockref>
    <blockref>
      <blockid>0x40626000, 0xd05c53a3</blockid>
      <transform>
        <scale>0.693692</scale>
        <position>0,0.301117,0.875276</position>
        <triangledirection>0,0.579362,-0.815069</triangledirection>
        <trianglepickorigin>0,0,0</trianglepickorigin>
        <orientation>
          <row0>1,0,0</row0>
          <row1>0,0.579362,-0.815069</row1>
          <row2>0,0.815069,0.579362</row2>
        </orientation>
      </transform>
      <snapped>false</snapped>
      <childlist count="1">
        <childid>1</childid>
      </childlist>
      <isasymmetric>false</isasymmetric>
    </blockref>
    <blockref>
      <blockid>0x40626000, 0xd05c53a3</blockid>
      <transform>
        <scale>0.763122</scale>
        <position>0,0.239105,0.969057</position>
        <triangledirection>0,0.523131,-0.852252</triangledirection>
        <trianglepickorigin>0,0,0</trianglepickorigin>
        <orientation>
          <row0>1,0,0</row0>
          <row1>0,0.523131,-0.852252</row1>
          <row2>0,0.852252,0.523131</row2>
        </orientation>
      </transform>
      <snapped>false</snapped>
      <childlist count="1">
        <childid>2</childid>
      </childlist>
      <isasymmetric>false</isasymmetric>
    </blockref>
    <blockref>
      <blockid>0x40626000, 0xd05c53a3</blockid>
      <transform>
        <scale>0.900922</scale>
        <position>0,0.185319,1.068228</position>
        <triangledirection>0,0.429001,-0.903303</triangledirection>
        <trianglepickorigin>0,0,0</trianglepickorigin>
        <orientation>
          <row0>1,0,0</row0>
          <row1>0,0.429001,-0.903303</row1>
          <row2>0,0.903303,0.429001</row2>
        </orientation>
      </transform>
      <snapped>false</snapped>
      <childlist count="3">
        <childid>19</childid>
        <childid>17</childid>
        <childid>3</childid>
      </childlist>
      <isasymmetric>false</isasymmetric>
    </blockref>
    <blockref>
      <blockid>0x40626000, 0xd05c53a3</blockid>
      <transform>
        <scale>0.654788</scale>
        <position>0,0.139882,1.170917</position>
        <triangledirection>0,0.379916,-0.925019</triangledirection>
        <trianglepickorigin>0,0,0</trianglepickorigin>
        <orientation>
          <row0>1,0,0</row0>
          <row1>0,0.379916,-0.925019</row1>
          <row2>0,0.925019,0.379916</row2>
        </orientation>
      </transform>
      <snapped>false</snapped>
      <childlist count="1">
        <childid>4</childid>
      </childlist>
      <isasymmetric>false</isasymmetric>
    </blockref>
    <blockref>
      <blockid>0x40626000, 0xd05c53a3</blockid>
      <transform>
        <scale>0.325103</scale>
        <position>0,0.0841562,1.261386</position>
        <triangledirection>0,0.655237,-0.755420</triangledirection>
        <trianglepickorigin>0,0,0</trianglepickorigin>
        <orientation>
          <row0>1,0,0</row0>
          <row1>0,0.655237,-0.755420</row1>
          <row2>0,0.755420,0.655237</row2>
        </orientation>
      </transform>
      <snapped>false</snapped>
      <childlist count="1">
        <childid>5</childid>
      </childlist>
      <isasymmetric>false</isasymmetric>
    </blockref>
    <blockref>
      <blockid>0x40626000, 0xd05c53a3</blockid>
      <transform>
        <scale>0.573521</scale>
        <position>0,0.0118992,1.346940</position>
        <triangledirection>0,0.635115,-0.772415</triangledirection>
        <trianglepickorigin>0,0,0</trianglepickorigin>
        <orientation>
          <row0>1,0,0</row0>
          <row1>0,0.635115,-0.772415</row1>
          <row2>0,0.772415,0.635115</row2>
        </orientation>
      </transform>
      <snapped>false</snapped>
      <childlist count="11">
        <childid>30</childid>
        <childid>16</childid>
        <childid>15</childid>
        <childid>14</childid>
        <childid>13</childid>
        <childid>12</childid>
        <childid>11</childid>
        <childid>10</childid>
        <childid>9</childid>
        <childid>8</childid>
        <childid>6</childid>
      </childlist>
      <isasymmetric>false</isasymmetric>
    </blockref>
    <blockref>
      <blockid>0x40626000, 0xfb60af36</blockid>
      <transform>
        <scale>0.687286</scale>
        <position>0,-0.183841,1.277065</position>
        <triangledirection>0,0.983060,-0.183276</triangledirection>
        <trianglepickorigin>0,0,0</trianglepickorigin>
        <orientation>
          <row0>1,0,0</row0>
          <row1>0,0.995697,0.0926550</row1>
          <row2>0,-0.0926550,0.995697</row2>
        </orientation>
        <userorientation>
          <userorientation_row0>1,0,0</userorientation_row0>
          <userorientation_row1>0,0.961848,-0.273575</userorientation_row1>
          <userorientation_row2>0,0.273575,0.961848</userorientation_row2>
        </userorientation>
      </transform>
      <snapped>false</snapped>
      <childlist count="1">
        <childid>29</childid>
      </childlist>
      <handles count="3">
        <weight channel="0x2e6521f4">0.389503</weight>
        <weight channel="0x7cc96c02">0.501128</weight>
        <weight channel="0xd02751de">0.501549</weight>
      </handles>
      <isasymmetric>false</isasymmetric>
    </blockref>
    <blockref>
      <blockid>0x40626000, 0xd6ade96b</blockid>
      <transform>
        <scale>0.927743</scale>
        <position>0.0613785,-0.103701,1.387034</position>
        <triangledirection>-0.387427,0.475820,-0.789613</triangledirection>
        <trianglepickorigin>0,0,0</trianglepickorigin>
        <orientation>
          <row0>0.820994,0.492909,-0.288111</row0>
          <row1>-0.493961,0.360179,-0.791372</row1>
          <row2>-0.286303,0.792028,0.539184</row2>
        </orientation>
        <userorientation>
          <userorientation_row0>0.947996,-0.119653,-0.294932</userorientation_row0>
          <userorientation_row1>0.143958,0.987634,0.0620373</userorientation_row1>
          <userorientation_row2>0.283861,-0.101268,0.953499</userorientation_row2>
        </userorientation>
      </transform>
      <snapped>false</snapped>
      <symmetric>10</symmetric>
      <handles count="1">
        <weight channel="0x2e6521f4">0</weight>
      </handles>
      <isasymmetric>false</isasymmetric>
    </blockref>
    <blockref>
      <blockid>0x40626000, 0x5a0c85bd</blockid>
      <transform>
        <scale>0.927743</scale>
        <position>-0.0613785,-0.103701,1.387034</position>
        <triangledirection>0.387427,0.475820,-0.789613</triangledirection>
        <trianglepickorigin>0,0,0</trianglepickorigin>
        <orientation>
          <row0>0.820994,-0.492909,0.288111</row0>
          <row1>0.493961,0.360179,-0.791372</row1>
          <row2>0.286303,0.792028,0.539184</row2>
        </orientation>
        <userorientation>
          <userorientation_row0>0.947996,0.119653,0.294932</userorientation_row0>
          <userorientation_row1>-0.143958,0.987634,0.0620373</userorientation_row1>
          <userorientation_row2>-0.283861,-0.101268,0.953499</userorientation_row2>
        </userorientation>
      </transform>
      <snapped>false</snapped>
      <symmetric>9</symmetric>
      <handles count="1">
        <weight channel="0x2e6521f4">0</weight>
      </handles>
      <isasymmetric>false</isasymmetric>
    </blockref>
    <blockref>
      <blockid>0x40626000, 0xd6ade96e</blockid>
      <transform>
        <scale>0.5</scale>
        <position>0.121321,-0.0606843,1.313101</position>
        <triangledirection>-0.888336,0.458079,-0.0318876</triangledirection>
        <trianglepickorigin>0,0,0</trianglepickorigin>
        <orientation>
          <row0>0.112960,0.857809,-0.501399</row0>
          <row1>-0.980233,0.0137171,-0.197368</row1>
          <row2>-0.162426,0.513783,0.842402</row2>
        </orientation>
        <userorientation>
          <userorientation_row0>0.752673,1.49010e-8,-0.658388</userorientation_row0>
          <userorientation_row1>0.308587,0.883354,0.352782</userorientation_row1>
          <userorientation_row2>0.581591,-0.468703,0.664879</userorientation_row2>
        </userorientation>
      </transform>
      <snapped>false</snapped>
      <symmetric>12</symmetric>
      <handles count="1">
        <weight channel="0xd02751de">0</weight>
      </handles>
      <isasymmetric>false</isasymmetric>
    </blockref>
    <blockref>
      <blockid>0x40626000, 0xe70274e0</blockid>
      <transform>
        <scale>0.5</scale>
        <position>-0.121321,-0.0606843,1.313101</position>
        <triangledirection>0.888336,0.458079,-0.0318868</triangledirection>
        <trianglepickorigin>0,0,0</trianglepickorigin>
        <orientation>
          <row0>0.112958,-0.857809,0.501399</row0>
          <row1>0.980233,0.0137162,-0.197367</row1>
          <row2>0.162425,0.513783,0.842402</row2>
        </orientation>
        <userorientation>
          <userorientation_row0>0.752673,-1.49010e-8,0.658388</userorientation_row0>
          <userorientation_row1>-0.308587,0.883354,0.352782</userorientation_row1>
          <userorientation_row2>-0.581591,-0.468703,0.664879</userorientation_row2>
        </userorientation>
      </transform>
      <snapped>false</snapped>
      <symmetric>11</symmetric>
      <handles count="1">
        <weight channel="0xd02751de">0</weight>
      </handles>
      <isasymmetric>false</isasymmetric>
    </blockref>
    <blockref>
      <blockid>0x40626000, 0x72b60e1e</blockid>
      <transform>
        <scale>0.699998</scale>
        <position>-0.0389823,-0.145803,1.368638</position>
        <triangledirection>0.313758,0.698539,-0.643114</triangledirection>
        <trianglepickorigin>0,0,0</trianglepickorigin>
        <orientation>
          <row0>0.947278,-0.276623,0.161688</row0>
          <row1>0.313758,0.698539,-0.643114</row1>
          <row2>0.0649544,0.659940,0.748503</row2>
        </orientation>
      </transform>
      <snapped>false</snapped>
      <symmetric>14</symmetric>
      <isasymmetric>false</isasymmetric>
    </blockref>
    <blockref>
      <blockid>0x40626000, 0xbda70e38</blockid>
      <transform>
        <scale>0.699998</scale>
        <position>0.0389931,-0.145825,1.368661</position>
        <triangledirection>-0.313748,0.698593,-0.643060</triangledirection>
        <trianglepickorigin>0,0,0</trianglepickorigin>
        <orientation>
          <row0>0.947283,0.276609,-0.161680</row0>
          <row1>-0.313748,0.698593,-0.643060</row1>
          <row2>-0.0649275,0.659888,0.748552</row2>
        </orientation>
      </transform>
      <snapped>false</snapped>
      <symmetric>13</symmetric>
      <isasymmetric>false</isasymmetric>
    </blockref>
    <blockref>
      <blockid>0x40626000, 0x341b1825</blockid>
      <transform>
        <scale>0.927743</scale>
        <position>0.0398150,-0.143895,1.370627</position>
        <triangledirection>-0.319853,0.681882,-0.657820</triangledirection>
        <trianglepickorigin>0,0,0</trianglepickorigin>
        <orientation>
          <row0>0.944615,0.283329,-0.165609</row0>
          <row1>-0.319853,0.681882,-0.657820</row1>
          <row2>-0.0734540,0.674359,0.734740</row2>
        </orientation>
      </transform>
      <snapped>false</snapped>
      <symmetric>16</symmetric>
      <handles count="2">
        <weight channel="0x2e6521f4">0</weight>
        <weight channel="0xd02751de">0</weight>
      </handles>
      <isasymmetric>false</isasymmetric>
    </blockref>
    <blockref>
      <blockid>0x40626000, 0x341b1825</blockid>
      <transform>
        <scale>0.927743</scale>
        <position>-0.0398144,-0.143895,1.370627</position>
        <triangledirection>0.319855,0.681877,-0.657823</triangledirection>
        <trianglepickorigin>0,0,0</trianglepickorigin>
        <orientation>
          <row0>0.944613,-0.283329,0.165610</row0>
          <row1>0.319855,0.681877,-0.657823</row1>
          <row2>0.0734556,0.674362,0.734736</row2>
        </orientation>
      </transform>
      <snapped>false</snapped>
      <symmetric>15</symmetric>
      <handles count="2">
        <weight channel="0x2e6521f4">0</weight>
        <weight channel="0xd02751de">0</weight>
      </handles>
      <isasymmetric>false</isasymmetric>
    </blockref>
    <blockref>
      <blockid>0x40626000, 0xbcdd7052</blockid>
      <transform>
        <limbtype>0</limbtype>
        <musclescale>0.474999</musclescale>
        <basemusclescale>1.349995</basemusclescale>
        <scale>1</scale>
        <position>0.173069,-0.00156013,1.082656</position>
        <triangledirection>-0.483121,0.120431,0.867231</triangledirection>
        <trianglepickorigin>0,0,0</trianglepickorigin>
        <orientation>
          <row0>0.875488,0.0544295,0.480161</row0>
          <row1>-0.483121,0.120431,0.867231</row1>
          <row2>-0.0106239,-0.991227,0.131733</row2>
        </orientation>
      </transform>
      <snapped>false</snapped>
      <childlist count="1">
        <childid>18</childid>
      </childlist>
      <symmetric>19</symmetric>
      <handles count="1">
        <weight channel="0xf320ba37">0.0867445</weight>
      </handles>
      <isasymmetric>false</isasymmetric>
    </blockref>
    <blockref>
      <blockid>0x40626000, 0x2051ae2d</blockid>
      <transform>
        <limbtype>0</limbtype>
        <musclescale>0.524995</musclescale>
        <basemusclescale>0.999996</basemusclescale>
        <scale>1</scale>
        <position>0.314235,-0.0367501,0.829253</position>
        <triangledirection>0.258538,0.786707,-0.560576</triangledirection>
        <trianglepickorigin>0,0,0</trianglepickorigin>
        <orientation>
          <row0>0.875488,0.0544295,0.480161</row0>
          <row1>0.258538,0.786707,-0.560576</row1>
          <row2>-0.408259,0.614920,0.674682</row2>
        </orientation>
      </transform>
      <snapped>true</snapped>
      <childlist count="1">
        <childid>26</childid>
      </childlist>
      <symmetric>20</symmetric>
      <handles count="1">
        <weight channel="0xf320ba37">0.121523</weight>
      </handles>
      <isasymmetric>false</isasymmetric>
    </blockref>
    <blockref>
      <blockid>0x40626000, 0xbcdd7052</blockid>
      <transform>
        <limbtype>0</limbtype>
        <musclescale>0.474999</musclescale>
        <basemusclescale>1.349995</basemusclescale>
        <scale>1</scale>
        <position>-0.173069,-0.00156013,1.082656</position>
        <triangledirection>0.483121,0.120431,0.867231</triangledirection>
        <trianglepickorigin>0,0,0</trianglepickorigin>
        <orientation>
          <row0>0.875488,-0.0544295,-0.480161</row0>
          <row1>0.483121,0.120431,0.867231</row1>
          <row2>0.0106239,-0.991227,0.131733</row2>
        </orientation>
      </transform>
      <snapped>false</snapped>
      <childlist count="1">
        <childid>20</childid>
      </childlist>
      <symmetric>17</symmetric>
      <handles count="1">
        <weight channel="0xf320ba37">0.0867445</weight>
      </handles>
      <isasymmetric>false</isasymmetric>
    </blockref>
    <blockref>
      <blockid>0x40626000, 0x2051ae2d</blockid>
      <transform>
        <limbtype>0</limbtype>
        <musclescale>0.524995</musclescale>
        <basemusclescale>0.999996</basemusclescale>
        <scale>1</scale>
        <position>-0.314235,-0.0367501,0.829253</position>
        <triangledirection>-0.258538,0.786707,-0.560576</triangledirection>
        <trianglepickorigin>0,0,0</trianglepickorigin>
        <orientation>
          <row0>0.875488,-0.0544295,-0.480161</row0>
          <row1>-0.258538,0.786707,-0.560576</row1>
          <row2>0.408259,0.614920,0.674682</row2>
        </orientation>
      </transform>
      <snapped>true</snapped>
      <childlist count="1">
        <childid>25</childid>
      </childlist>
      <symmetric>18</symmetric>
      <handles count="1">
        <weight channel="0xf320ba37">0.121523</weight>
      </handles>
      <isasymmetric>false</isasymmetric>
    </blockref>
    <blockref>
      <blockid>0x40626000, 0xdec3c22a</blockid>
      <transform>
        <limbtype>0</limbtype>
        <musclescale>0.324999</musclescale>
        <basemusclescale>1.299998</basemusclescale>
        <scale>1</scale>
        <position>0.0929147,0.336282,0.666244</position>
        <triangledirection>-0.455069,0.438749,0.774860</triangledirection>
        <trianglepickorigin>0,0,0</trianglepickorigin>
        <orientation>
          <row0>-0.769912,-0.631062,-0.0948353</row0>
          <row1>-0.455069,0.438749,0.774860</row1>
          <row2>-0.447376,0.639730,-0.624976</row2>
        </orientation>
      </transform>
      <snapped>false</snapped>
      <childlist count="1">
        <childid>22</childid>
      </childlist>
      <symmetric>23</symmetric>
      <handles count="1">
        <weight channel="0xf320ba37">0.120783</weight>
      </handles>
      <isasymmetric>false</isasymmetric>
    </blockref>
    <blockref>
      <blockid>0x40626000, 0x33fccc91</blockid>
      <transform>
        <limbtype>0</limbtype>
        <musclescale>0.125</musclescale>
        <basemusclescale>0.800000</basemusclescale>
        <scale>1</scale>
        <position>0.269811,0.165729,0.365036</position>
        <triangledirection>0.0381443,-0.193852,0.980288</triangledirection>
        <trianglepickorigin>0,0,0</trianglepickorigin>
        <orientation>
          <row0>-0.769912,-0.631062,-0.0948346</row0>
          <row1>0.0381443,-0.193852,0.980288</row1>
          <row2>-0.637008,0.751119,0.173319</row2>
        </orientation>
      </transform>
      <snapped>true</snapped>
      <childlist count="1">
        <childid>27</childid>
      </childlist>
      <symmetric>24</symmetric>
      <handles count="1">
        <weight channel="0xf320ba37">0.0922503</weight>
      </handles>
      <isasymmetric>false</isasymmetric>
    </blockref>
    <blockref>
      <blockid>0x40626000, 0xdec3c22a</blockid>
      <transform>
        <limbtype>0</limbtype>
        <musclescale>0.324999</musclescale>
        <basemusclescale>1.299998</basemusclescale>
        <scale>1</scale>
        <position>-0.0929142,0.336282,0.666244</position>
        <triangledirection>0.455069,0.438749,0.774860</triangledirection>
        <trianglepickorigin>0,0,0</trianglepickorigin>
        <orientation>
          <row0>-0.769912,0.631062,0.0948363</row0>
          <row1>0.455069,0.438749,0.774860</row1>
          <row2>0.447376,0.639730,-0.624976</row2>
        </orientation>
      </transform>
      <snapped>false</snapped>
      <childlist count="1">
        <childid>24</childid>
      </childlist>
      <symmetric>21</symmetric>
      <handles count="1">
        <weight channel="0xf320ba37">0.120783</weight>
      </handles>
      <isasymmetric>false</isasymmetric>
    </blockref>
    <blockref>
      <blockid>0x40626000, 0x33fccc91</blockid>
      <transform>
        <limbtype>0</limbtype>
        <musclescale>0.125</musclescale>
        <basemusclescale>0.800000</basemusclescale>
        <scale>1</scale>
        <position>-0.269811,0.165729,0.365036</position>
        <triangledirection>-0.0381431,-0.193853,0.980288</triangledirection>
        <trianglepickorigin>0,0,0</trianglepickorigin>
        <orientation>
          <row0>-0.769910,0.631063,0.0948361</row0>
          <row1>-0.0381431,-0.193853,0.980288</row1>
          <row2>0.637009,0.751118,0.173319</row2>
        </orientation>
      </transform>
      <snapped>true</snapped>
      <childlist count="1">
        <childid>28</childid>
      </childlist>
      <symmetric>22</symmetric>
      <handles count="1">
        <weight channel="0xf320ba37">0.0922501</weight>
      </handles>
      <isasymmetric>false</isasymmetric>
    </blockref>
    <blockref>
      <blockid>0x40626000, 0x8738c83d</blockid>
      <transform>
        <basemusclescale>0.923259</basemusclescale>
        <scale>0.798515</scale>
        <position>-0.212028,-0.347755,1.050863</position>
        <triangledirection>-0.183296,0.637992,0.747907</triangledirection>
        <trianglepickorigin>0,0,0</trianglepickorigin>
        <orientation>
          <row0>0.382488,0.616248,0.688431</row0>
          <row1>-0.258538,0.786707,-0.560576</row1>
          <row2>-0.887049,0.0364281,0.460231</row2>
        </orientation>
        <userorientation>
          <userorientation_row0>0.545758,-0.205123,-0.812448</userorientation_row0>
          <userorientation_row1>0.837935,0.130042,0.530045</userorientation_row1>
          <userorientation_row2>-0.00307139,-0.970058,0.242852</userorientation_row2>
        </userorientation>
      </transform>
      <snapped>true</snapped>
      <symmetric>26</symmetric>
      <isasymmetric>false</isasymmetric>
    </blockref>
    <blockref>
      <blockid>0x40626000, 0xd82377eb</blockid>
      <transform>
        <basemusclescale>0.923259</basemusclescale>
        <scale>0.798515</scale>
        <position>0.212028,-0.347755,1.050863</position>
        <triangledirection>0.183296,0.637992,0.747907</triangledirection>
        <trianglepickorigin>0,0,0</trianglepickorigin>
        <orientation>
          <row0>0.382488,-0.616248,-0.688431</row0>
          <row1>0.258538,0.786707,-0.560576</row1>
          <row2>0.887049,0.0364281,0.460231</row2>
        </orientation>
        <userorientation>
          <userorientation_row0>0.545758,0.205123,0.812448</userorientation_row0>
          <userorientation_row1>-0.837935,0.130042,0.530045</userorientation_row1>
          <userorientation_row2>0.00307139,-0.970058,0.242852</userorientation_row2>
        </userorientation>
      </transform>
      <snapped>true</snapped>
      <symmetric>25</symmetric>
      <isasymmetric>false</isasymmetric>
    </blockref>
    <blockref>
      <blockid>0x40626000, 0x540e5be7</blockid>
      <transform>
        <basemusclescale>0.813655</basemusclescale>
        <scale>0.740818</scale>
        <position>0.258044,0.225537,0.0625964</position>
        <triangledirection>8.64262e-7,1,1.92965e-6</triangledirection>
        <trianglepickorigin>0,0,0</trianglepickorigin>
        <orientation>
          <row0>1,-8.64260e-7,-4.61934e-7</row0>
          <row1>8.64262e-7,1,1.92965e-6</row1>
          <row2>4.61931e-7,-1.92966e-6,1</row2>
        </orientation>
      </transform>
      <snapped>true</snapped>
      <symmetric>28</symmetric>
      <handles count="1">
        <weight channel="0x2e6521f4">0.514060</weight>
      </handles>
      <isasymmetric>false</isasymmetric>
    </blockref>
    <blockref>
      <blockid>0x40626000, 0xcab8bba1</blockid>
      <transform>
        <basemusclescale>0.813655</basemusclescale>
        <scale>0.740818</scale>
        <position>-0.258044,0.225537,0.0625964</position>
        <triangledirection>-8.64262e-7,1,1.92965e-6</triangledirection>
        <trianglepickorigin>0,0,0</trianglepickorigin>
        <orientation>
          <row0>1,8.64260e-7,4.61934e-7</row0>
          <row1>-8.64262e-7,1,1.92965e-6</row1>
          <row2>-4.61931e-7,-1.92966e-6,1</row2>
        </orientation>
      </transform>
      <snapped>true</snapped>
      <symmetric>27</symmetric>
      <handles count="1">
        <weight channel="0x2e6521f4">0.514060</weight>
      </handles>
      <isasymmetric>false</isasymmetric>
    </blockref>
    <blockref>
      <blockid>0x40626000, 0x87e7ee61</blockid>
      <transform>
        <scale>0.800000</scale>
        <position>0,-0.208569,1.360308</position>
        <triangledirection>-1.27073e-9,-0.0334511,0.999437</triangledirection>
        <trianglepickorigin>0,0,0</trianglepickorigin>
        <orientation>
          <row0>1,6.37494e-9,1.48483e-9</row0>
          <row1>1.35946e-9,0.0196198,-0.999807</row1>
          <row2>-6.40284e-9,0.999807,0.0196198</row2>
        </orientation>
        <userorientation>
          <userorientation_row0>1,0,0</userorientation_row0>
          <userorientation_row1>0,-0.999902,-0.0138360</userorientation_row1>
          <userorientation_row2>0,0.0138360,-0.999902</userorientation_row2>
        </userorientation>
      </transform>
      <snapped>false</snapped>
      <handles count="2">
        <weight channel="0x7cc96c02">0</weight>
        <weight channel="0xd02751de">0</weight>
      </handles>
      <isasymmetric>false</isasymmetric>
    </blockref>
    <blockref>
      <blockid>0x40686000, 0x68480e7f</blockid>
      <transform>
        <scale>1.349858</scale>
        <position>0,-0.0290149,1.396749</position>
        <triangledirection>0,-0.266950,-0.963710</triangledirection>
        <trianglepickorigin>0,0,0</trianglepickorigin>
        <orientation>
          <row0>3.18229e-8,-0.963710,0.266950</row0>
          <row1>0,-0.266950,-0.963710</row1>
          <row2>1,3.06682e-8,-8.49519e-9</row2>
        </orientation>
      </transform>
      <snapped>false</snapped>
      <childlist count="3">
        <childid>33</childid>
        <childid>32</childid>
        <childid>31</childid>
      </childlist>
      <handles count="2">
        <weight channel="0x7cc96c02">1</weight>
        <weight channel="0xd02751de">0</weight>
      </handles>
      <isasymmetric>false</isasymmetric>
    </blockref>
    <blockref>
      <blockid>0x40686000, 0xa2ee6103</blockid>
      <transform>
        <scale>1</scale>
        <position>0,0.0248907,1.590276</position>
        <triangledirection>0,-0.124035,-0.992277</triangledirection>
        <trianglepickorigin>0,0,0</trianglepickorigin>
        <orientation>
          <row0>-1,0,0</row0>
          <row1>0,-0.124035,-0.992277</row1>
          <row2>0,-0.992277,0.124035</row2>
        </orientation>
      </transform>
      <snapped>false</snapped>
      <handles count="1">
        <weight channel="0xd02751de">0.666993</weight>
      </handles>
      <isasymmetric>false</isasymmetric>
    </blockref>
    <blockref>
      <blockid>0x40686000, 0xf2102f52</blockid>
      <transform>
        <scale>0.5</scale>
        <position>0,0.164844,1.420719</position>
        <triangledirection>0,-0.999967,-0.00797768</triangledirection>
        <trianglepickorigin>0,0,0</trianglepickorigin>
        <orientation>
          <row0>-1,0,0</row0>
          <row1>0,-0.999967,-0.00797768</row1>
          <row2>0,-0.00797768,0.999967</row2>
        </orientation>
      </transform>
      <snapped>false</snapped>
      <handles count="3">
        <weight channel="0x2e6521f4">0.330159</weight>
        <weight channel="0x7cc96c02">0.665212</weight>
        <weight channel="0x503283aa">0</weight>
      </handles>
      <isasymmetric>false</isasymmetric>
    </blockref>
    <blockref>
      <blockid>0x40686000, 0xf2102f54</blockid>
      <transform>
        <scale>0.449999</scale>
        <position>0,-0.0489025,1.597074</position>
        <triangledirection>0,-0.266950,-0.963710</triangledirection>
        <trianglepickorigin>0,0,0</trianglepickorigin>
        <orientation>
          <row0>1,0,0</row0>
          <row1>0,0.113721,-0.993511</row1>
          <row2>0,0.993511,0.113721</row2>
        </orientation>
        <userorientation>
          <userorientation_row0>1,0,0</userorientation_row0>
          <userorientation_row1>0,0.927100,-0.374814</userorientation_row1>
          <userorientation_row2>0,0.374814,0.927100</userorientation_row2>
        </userorientation>
      </transform>
      <snapped>false</snapped>
      <handles count="3">
        <weight channel="0x2e6521f4">0</weight>
        <weight channel="0x2d3bfa19">0</weight>
        <weight channel="0x503283aa">0</weight>
      </handles>
      <isasymmetric>false</isasymmetric>
    </blockref>
  </blocks></sporemodel>