<?xml version="1.0" encoding="UTF-8"?><sporemodel>
  <formatversion>18</formatversion>
  <properties>
    <modeltype>0x4178b8e8</modeltype>
    <skineffect1>0x8ec5176c</skineffect1>
    <skineffect2>0xcf48a38f</skineffect2>
    <skineffect3>0xdd5391a5</skineffect3>
    <skineffectseed1>1234</skineffectseed1>
    <skineffectseed2>1234</skineffectseed2>
    <skineffectseed3>1234</skineffectseed3>
    <skincolor1>0.576469,0.349018,0.262742</skincolor1>
    <skincolor2>0.0823526,0.0823526,0.0823526</skincolor2>
    <skincolor3>0.607842,1,0.0509802</skincolor3>
    <zcorpscore>0</zcorpscore>
  </properties>
  <blocks count="47">
    <blockref>
      <blockid>0x40626000, 0xd05c53a3</blockid>
      <transform>
        <scale>1.082543</scale>
        <position>0,-0.0317845,1.189764</position>
        <triangledirection>0,-0.0198551,0.999801</triangledirection>
        <trianglepickorigin>0,0,0</trianglepickorigin>
        <orientation>
          <row0>0.999998,0,0</row0>
          <row1>0,-0.0198551,0.999801</row1>
          <row2>0,-0.999801,-0.0198551</row2>
        </orientation>
      </transform>
      <snapped>false</snapped>
      <childlist count="1">
        <childid>1</childid>
      </childlist>
      <isasymmetric>false</isasymmetric>
    </blockref>
    <blockref>
      <blockid>0x40626000, 0xd05c53a3</blockid>
      <transform>
        <scale>1.407997</scale>
        <position>0,-0.0308896,1.300698</position>
        <triangledirection>0,0.0359783,0.999351</triangledirection>
        <trianglepickorigin>0,0,0</trianglepickorigin>
        <orientation>
          <row0>1,0,0</row0>
          <row1>0,0.0359783,0.999351</row1>
          <row2>0,-0.999351,0.0359783</row2>
        </orientation>
      </transform>
      <snapped>false</snapped>
      <childlist count="5">
        <childid>46</childid>
        <childid>38</childid>
        <childid>10</childid>
        <childid>8</childid>
        <childid>2</childid>
      </childlist>
      <isasymmetric>false</isasymmetric>
    </blockref>
    <blockref>
      <blockid>0x40626000, 0xd05c53a3</blockid>
      <transform>
        <scale>1.316084</scale>
        <position>0,-0.0203897,1.410212</position>
        <triangledirection>0,0.154561,0.987982</triangledirection>
        <trianglepickorigin>0,0,0</trianglepickorigin>
        <orientation>
          <row0>1,0,0</row0>
          <row1>0,0.154561,0.987982</row1>
          <row2>0,-0.987982,0.154561</row2>
        </orientation>
      </transform>
      <snapped>false</snapped>
      <childlist count="1">
        <childid>3</childid>
      </childlist>
      <isasymmetric>false</isasymmetric>
    </blockref>
    <blockref>
      <blockid>0x40626000, 0xd05c53a3</blockid>
      <transform>
        <scale>1.010972</scale>
        <position>0,-0.00318598,1.520555</position>
        <triangledirection>0,0.153530,0.988143</triangledirection>
        <trianglepickorigin>0,0,0</trianglepickorigin>
        <orientation>
          <row0>1,0,0</row0>
          <row1>0,0.153530,0.988143</row1>
          <row2>0,-0.988143,0.153530</row2>
        </orientation>
      </transform>
      <snapped>false</snapped>
      <childlist count="1">
        <childid>4</childid>
      </childlist>
      <isasymmetric>false</isasymmetric>
    </blockref>
    <blockref>
      <blockid>0x40626000, 0xd05c53a3</blockid>
      <transform>
        <scale>0.922160</scale>
        <position>0,-0.000322800,1.634402</position>
        <triangledirection>0,-0.103647,0.994614</triangledirection>
        <trianglepickorigin>0,0,0</trianglepickorigin>
        <orientation>
          <row0>1,0,0</row0>
          <row1>0,-0.103647,0.994614</row1>
          <row2>0,-0.994614,-0.103647</row2>
        </orientation>
      </transform>
      <snapped>false</snapped>
      <childlist count="3">
        <childid>17</childid>
        <childid>14</childid>
        <childid>5</childid>
      </childlist>
      <isasymmetric>false</isasymmetric>
    </blockref>
    <blockref>
      <blockid>0x40626000, 0xd05c53a3</blockid>
      <transform>
        <scale>0.876056</scale>
        <position>0,-0.0278606,1.745015</position>
        <triangledirection>0,-0.374796,0.927106</triangledirection>
        <trianglepickorigin>0,0,0</trianglepickorigin>
        <orientation>
          <row0>1,0,0</row0>
          <row1>0,-0.374796,0.927106</row1>
          <row2>0,-0.927106,-0.374796</row2>
        </orientation>
      </transform>
      <snapped>false</snapped>
      <childlist count="1">
        <childid>6</childid>
      </childlist>
      <isasymmetric>false</isasymmetric>
    </blockref>
    <blockref>
      <blockid>0x40626000, 0xd05c53a3</blockid>
      <transform>
        <scale>0.536816</scale>
        <position>0,-0.0954577,1.837116</position>
        <triangledirection>0,-0.772068,0.635538</triangledirection>
        <trianglepickorigin>0,0,0</trianglepickorigin>
        <orientation>
          <row0>1,0,0</row0>
          <row1>0,-0.772068,0.635538</row1>
          <row2>0,-0.635538,-0.772068</row2>
        </orientation>
      </transform>
      <snapped>false</snapped>
      <childlist count="1">
        <childid>7</childid>
      </childlist>
      <isasymmetric>false</isasymmetric>
    </blockref>
    <blockref>
      <blockid>0x40626000, 0xd05c53a3</blockid>
      <transform>
        <scale>0.694669</scale>
        <position>0,-0.173986,1.913187</position>
        <triangledirection>0,-0.659793,0.751446</triangledirection>
        <trianglepickorigin>0,0,0</trianglepickorigin>
        <orientation>
          <row0>1,0,0</row0>
          <row1>0,-0.659793,0.751446</row1>
          <row2>0,-0.751446,-0.659793</row2>
        </orientation>
      </transform>
      <snapped>false</snapped>
      <childlist count="5">
        <childid>45</childid>
        <childid>28</childid>
        <childid>27</childid>
        <childid>26</childid>
        <childid>22</childid>
      </childlist>
      <isasymmetric>false</isasymmetric>
    </blockref>
    <blockref>
      <blockid>0x40626000, 0xdec3c22a</blockid>
      <transform>
        <limbtype>0</limbtype>
        <musclescale>0.699997</musclescale>
        <basemusclescale>2.349993</basemusclescale>
        <scale>1</scale>
        <position>0.225308,0.218086,1.082497</position>
        <triangledirection>-0.0241896,0.391777,0.919740</triangledirection>
        <trianglepickorigin>0,0,0</trianglepickorigin>
        <orientation>
          <row0>-0.999305,-0.0355512,-0.0111384</row0>
          <row1>-0.0241896,0.391777,0.919740</row1>
          <row2>-0.0283342,0.919372,-0.392365</row2>
        </orientation>
      </transform>
      <snapped>false</snapped>
      <childlist count="1">
        <childid>9</childid>
      </childlist>
      <symmetric>10</symmetric>
      <handles count="1">
        <weight channel="0xf320ba37">0.170347</weight>
      </handles>
      <isasymmetric>false</isasymmetric>
    </blockref>
    <blockref>
      <blockid>0x40626000, 0x33fccc91</blockid>
      <transform>
        <limbtype>0</limbtype>
        <musclescale>0.449999</musclescale>
        <basemusclescale>1.349992</basemusclescale>
        <scale>1</scale>
        <position>0.238272,0.00812042,0.589581</position>
        <triangledirection>0.00761464,-0.487567,0.873052</triangledirection>
        <trianglepickorigin>0,0,0</trianglepickorigin>
        <orientation>
          <row0>-0.999305,-0.0355513,-0.0111383</row0>
          <row1>0.00761464,-0.487567,0.873052</row1>
          <row2>-0.0364690,0.872361,0.487498</row2>
        </orientation>
      </transform>
      <snapped>true</snapped>
      <childlist count="1">
        <childid>13</childid>
      </childlist>
      <symmetric>11</symmetric>
      <handles count="1">
        <weight channel="0xf320ba37">0.162882</weight>
      </handles>
      <isasymmetric>false</isasymmetric>
    </blockref>
    <blockref>
      <blockid>0x40626000, 0xdec3c22a</blockid>
      <transform>
        <limbtype>0</limbtype>
        <musclescale>0.699997</musclescale>
        <basemusclescale>2.349993</basemusclescale>
        <scale>1</scale>
        <position>-0.225308,0.218086,1.082497</position>
        <triangledirection>0.0241896,0.391777,0.919740</triangledirection>
        <trianglepickorigin>0,0,0</trianglepickorigin>
        <orientation>
          <row0>-0.999305,0.0355512,0.0111384</row0>
          <row1>0.0241896,0.391777,0.919740</row1>
          <row2>0.0283342,0.919372,-0.392365</row2>
        </orientation>
      </transform>
      <snapped>false</snapped>
      <childlist count="1">
        <childid>11</childid>
      </childlist>
      <symmetric>8</symmetric>
      <handles count="1">
        <weight channel="0xf320ba37">0.170347</weight>
      </handles>
      <isasymmetric>false</isasymmetric>
    </blockref>
    <blockref>
      <blockid>0x40626000, 0x33fccc91</blockid>
      <transform>
        <limbtype>0</limbtype>
        <musclescale>0.449999</musclescale>
        <basemusclescale>1.349992</basemusclescale>
        <scale>1</scale>
        <position>-0.238272,0.00812065,0.589581</position>
        <triangledirection>-0.00761464,-0.487567,0.873052</triangledirection>
        <trianglepickorigin>0,0,0</trianglepickorigin>
        <orientation>
          <row0>-0.999305,0.0355513,0.0111383</row0>
          <row1>-0.00761464,-0.487567,0.873052</row1>
          <row2>0.0364690,0.872361,0.487498</row2>
        </orientation>
      </transform>
      <snapped>true</snapped>
      <childlist count="1">
        <childid>12</childid>
      </childlist>
      <symmetric>9</symmetric>
      <handles count="1">
        <weight channel="0xf320ba37">0.162882</weight>
      </handles>
      <isasymmetric>false</isasymmetric>
    </blockref>
    <blockref>
      <blockid>0x40626000, 0x5b479808</blockid>
      <transform>
        <basemusclescale>1.242192</basemusclescale>
        <scale>0.860705</scale>
        <position>-0.234329,0.260654,0.137383</position>
        <triangledirection>-4.52589e-5,1,7.26330e-6</triangledirection>
        <trianglepickorigin>0,0,0</trianglepickorigin>
        <orientation>
          <row0>1,4.52573e-5,0.000209303</row0>
          <row1>-4.52589e-5,1,7.26330e-6</row1>
          <row2>-0.000209303,-7.27277e-6,1</row2>
        </orientation>
      </transform>
      <snapped>true</snapped>
      <symmetric>13</symmetric>
      <handles count="1">
        <weight channel="0x2e6521f4">0.636429</weight>
      </handles>
      <isasymmetric>false</isasymmetric>
    </blockref>
    <blockref>
      <blockid>0x40626000, 0x540e5be6</blockid>
      <transform>
        <basemusclescale>1.242192</basemusclescale>
        <scale>0.860705</scale>
        <position>0.234329,0.260654,0.137383</position>
        <triangledirection>4.52589e-5,1,7.26330e-6</triangledirection>
        <trianglepickorigin>0,0,0</trianglepickorigin>
        <orientation>
          <row0>1,-4.52573e-5,-0.000209303</row0>
          <row1>4.52589e-5,1,7.26330e-6</row1>
          <row2>0.000209303,-7.27277e-6,1</row2>
        </orientation>
      </transform>
      <snapped>true</snapped>
      <symmetric>12</symmetric>
      <handles count="1">
        <weight channel="0x2e6521f4">0.636429</weight>
      </handles>
      <isasymmetric>false</isasymmetric>
    </blockref>
    <blockref>
      <blockid>0x40626000, 0x2051ae2d</blockid>
      <transform>
        <limbtype>0</limbtype>
        <musclescale>0.75</musclescale>
        <basemusclescale>1.399994</basemusclescale>
        <scale>1</scale>
        <position>0.184156,0.0464451,1.748375</position>
        <triangledirection>-0.744593,0.243067,0.621689</triangledirection>
        <trianglepickorigin>0,0,0</trianglepickorigin>
        <orientation>
          <row0>-0.571543,-0.713289,-0.405651</row0>
          <row1>-0.744593,0.243067,0.621689</row1>
          <row2>-0.344843,0.657369,-0.670035</row2>
        </orientation>
      </transform>
      <snapped>false</snapped>
      <childlist count="1">
        <childid>15</childid>
      </childlist>
      <symmetric>17</symmetric>
      <handles count="1">
        <weight channel="0xf320ba37">0.0649178</weight>
      </handles>
      <isasymmetric>false</isasymmetric>
    </blockref>
    <blockref>
      <blockid>0x40626000, 0x2051ae2d</blockid>
      <transform>
        <limbtype>0</limbtype>
        <musclescale>0.5</musclescale>
        <basemusclescale>1.199998</basemusclescale>
        <scale>1</scale>
        <position>0.353540,-0.00884823,1.606950</position>
        <triangledirection>-0.368586,-0.218505,0.903546</triangledirection>
        <trianglepickorigin>0,0,0</trianglepickorigin>
        <orientation>
          <row0>-0.571545,-0.713290,-0.405649</row0>
          <row1>-0.368586,-0.218505,0.903546</row1>
          <row2>-0.733129,0.665934,-0.138024</row2>
        </orientation>
      </transform>
      <snapped>true</snapped>
      <childlist count="1">
        <childid>16</childid>
      </childlist>
      <symmetric>18</symmetric>
      <handles count="1">
        <weight channel="0xf320ba37">0.121177</weight>
      </handles>
      <isasymmetric>false</isasymmetric>
    </blockref>
    <blockref>
      <blockid>0x40626000, 0x2051ae2d</blockid>
      <transform>
        <limbtype>0</limbtype>
        <musclescale>0.324999</musclescale>
        <basemusclescale>1.249997</basemusclescale>
        <scale>1</scale>
        <position>0.498872,0.0773070,1.250689</position>
        <triangledirection>-0.197339,0.330826,0.922827</triangledirection>
        <trianglepickorigin>0,0,0</trianglepickorigin>
        <orientation>
          <row0>0.907867,-0.293523,0.299367</row0>
          <row1>-0.197339,0.330826,0.922827</row1>
          <row2>-0.369910,-0.896881,0.242421</row2>
        </orientation>
      </transform>
      <snapped>true</snapped>
      <childlist count="1">
        <childid>21</childid>
      </childlist>
      <symmetric>19</symmetric>
      <handles count="1">
        <weight channel="0xf320ba37">0.126287</weight>
      </handles>
      <isasymmetric>false</isasymmetric>
    </blockref>
    <blockref>
      <blockid>0x40626000, 0x2051ae2d</blockid>
      <transform>
        <limbtype>0</limbtype>
        <musclescale>0.75</musclescale>
        <basemusclescale>1.399994</basemusclescale>
        <scale>1</scale>
        <position>-0.184156,0.0464451,1.748375</position>
        <triangledirection>0.744593,0.243067,0.621689</triangledirection>
        <trianglepickorigin>0,0,0</trianglepickorigin>
        <orientation>
          <row0>-0.571543,0.713289,0.405651</row0>
          <row1>0.744593,0.243067,0.621689</row1>
          <row2>0.344843,0.657369,-0.670035</row2>
        </orientation>
      </transform>
      <snapped>false</snapped>
      <childlist count="1">
        <childid>18</childid>
      </childlist>
      <symmetric>14</symmetric>
      <handles count="1">
        <weight channel="0xf320ba37">0.0649178</weight>
      </handles>
      <isasymmetric>false</isasymmetric>
    </blockref>
    <blockref>
      <blockid>0x40626000, 0x2051ae2d</blockid>
      <transform>
        <limbtype>0</limbtype>
        <musclescale>0.5</musclescale>
        <basemusclescale>1.199998</basemusclescale>
        <scale>1</scale>
        <position>-0.353540,-0.00884823,1.606950</position>
        <triangledirection>0.368586,-0.218505,0.903546</triangledirection>
        <trianglepickorigin>0,0,0</trianglepickorigin>
        <orientation>
          <row0>-0.571545,0.713290,0.405649</row0>
          <row1>0.368586,-0.218505,0.903546</row1>
          <row2>0.733129,0.665935,-0.138023</row2>
        </orientation>
      </transform>
      <snapped>true</snapped>
      <childlist count="1">
        <childid>19</childid>
      </childlist>
      <symmetric>15</symmetric>
      <handles count="1">
        <weight channel="0xf320ba37">0.121177</weight>
      </handles>
      <isasymmetric>false</isasymmetric>
    </blockref>
    <blockref>
      <blockid>0x40626000, 0x2051ae2d</blockid>
      <transform>
        <limbtype>0</limbtype>
        <musclescale>0.324999</musclescale>
        <basemusclescale>1.249997</basemusclescale>
        <scale>1</scale>
        <position>-0.498872,0.0773070,1.250689</position>
        <triangledirection>0.197339,0.330826,0.922827</triangledirection>
        <trianglepickorigin>0,0,0</trianglepickorigin>
        <orientation>
          <row0>0.907867,0.293523,-0.299367</row0>
          <row1>0.197339,0.330826,0.922827</row1>
          <row2>0.369910,-0.896881,0.242421</row2>
        </orientation>
      </transform>
      <snapped>true</snapped>
      <childlist count="1">
        <childid>20</childid>
      </childlist>
      <symmetric>16</symmetric>
      <handles count="1">
        <weight channel="0xf320ba37">0.126287</weight>
      </handles>
      <isasymmetric>false</isasymmetric>
    </blockref>
    <blockref>
      <blockid>0x40626000, 0x8738c83d</blockid>
      <transform>
        <basemusclescale>0.715919</basemusclescale>
        <scale>1.161834</scale>
        <position>-0.579671,-0.0581494,0.872838</position>
        <triangledirection>-0.159087,0.482791,0.861162</triangledirection>
        <trianglepickorigin>0,0,0</trianglepickorigin>
        <orientation>
          <row0>0.138723,-0.941290,0.307779</row0>
          <row1>0.197339,0.330826,0.922827</row1>
          <row2>-0.970470,-0.0672817,0.231647</row2>
        </orientation>
        <userorientation>
          <userorientation_row0>0.883022,0.321390,-0.342020</userorientation_row0>
          <userorientation_row1>-0.211467,0.923030,0.321393</userorientation_row1>
          <userorientation_row2>0.418987,-0.211468,0.883022</userorientation_row2>
        </userorientation>
      </transform>
      <snapped>true</snapped>
      <symmetric>21</symmetric>
      <isasymmetric>false</isasymmetric>
    </blockref>
    <blockref>
      <blockid>0x40626000, 0xd82377eb</blockid>
      <transform>
        <basemusclescale>0.715919</basemusclescale>
        <scale>1.161834</scale>
        <position>0.579671,-0.0581494,0.872838</position>
        <triangledirection>0.159087,0.482791,0.861162</triangledirection>
        <trianglepickorigin>0,0,0</trianglepickorigin>
        <orientation>
          <row0>0.138723,0.941290,-0.307779</row0>
          <row1>-0.197339,0.330826,0.922827</row1>
          <row2>0.970470,-0.0672817,0.231647</row2>
        </orientation>
        <userorientation>
          <userorientation_row0>0.883022,-0.321390,0.342020</userorientation_row0>
          <userorientation_row1>0.211467,0.923030,0.321393</userorientation_row1>
          <userorientation_row2>-0.418987,-0.211468,0.883022</userorientation_row2>
        </userorientation>
      </transform>
      <snapped>true</snapped>
      <symmetric>20</symmetric>
      <isasymmetric>false</isasymmetric>
    </blockref>
    <blockref>
      <blockid>0x40626000, 0xd05c53a3</blockid>
      <transform>
        <scale>0.703225</scale>
        <position>0,-0.251313,1.994897</position>
        <triangledirection>0,-0.713958,0.700187</triangledirection>
        <trianglepickorigin>0,0,0</trianglepickorigin>
        <orientation>
          <row0>1,0,0</row0>
          <row1>0,-0.713958,0.700187</row1>
          <row2>0,-0.700187,-0.713958</row2>
        </orientation>
      </transform>
      <snapped>false</snapped>
      <childlist count="11">
        <childid>44</childid>
        <childid>43</childid>
        <childid>42</childid>
        <childid>41</childid>
        <childid>37</childid>
        <childid>36</childid>
        <childid>35</childid>
        <childid>34</childid>
        <childid>29</childid>
        <childid>24</childid>
        <childid>23</childid>
      </childlist>
      <isasymmetric>false</isasymmetric>
    </blockref>
    <blockref>
      <blockid>0x40626000, 0xf554a0b8</blockid>
      <transform>
        <scale>0.699998</scale>
        <position>-0.0708789,-0.273196,1.983402</position>
        <triangledirection>-0.0344359,0.987636,0.152902</triangledirection>
        <trianglepickorigin>0,0,0</trianglepickorigin>
        <orientation>
          <row0>0.838594,-0.544754,-1.04308e-7</row0>
          <row1>0.459744,0.707728,0.536427</row1>
          <row2>-0.292221,-0.449844,0.843945</row2>
        </orientation>
        <userorientation>
          <userorientation_row0>0.821415,0.496968,-0.279816</userorientation_row0>
          <userorientation_row1>-0.566899,0.765169,-0.305177</userorientation_row1>
          <userorientation_row2>0.0624414,0.409310,0.910255</userorientation_row2>
        </userorientation>
      </transform>
      <snapped>false</snapped>
      <symmetric>24</symmetric>
      <isasymmetric>false</isasymmetric>
    </blockref>
    <blockref>
      <blockid>0x40626000, 0x6676e396</blockid>
      <transform>
        <scale>0.699998</scale>
        <position>0.0708789,-0.273196,1.983402</position>
        <triangledirection>0.0344358,0.987636,0.152902</triangledirection>
        <trianglepickorigin>0,0,0</trianglepickorigin>
        <orientation>
          <row0>0.838594,0.544755,-3.57626e-7</row0>
          <row1>-0.459744,0.707728,0.536427</row1>
          <row2>0.292221,-0.449844,0.843945</row2>
        </orientation>
        <userorientation>
          <userorientation_row0>0.821415,-0.496968,0.279816</userorientation_row0>
          <userorientation_row1>0.566899,0.765169,-0.305177</userorientation_row1>
          <userorientation_row2>-0.0624414,0.409310,0.910255</userorientation_row2>
        </userorientation>
      </transform>
      <snapped>false</snapped>
      <symmetric>23</symmetric>
      <isasymmetric>false</isasymmetric>
    </blockref>
    <blockref>
      <blockid>0x40626000, 0x06fa3d43</blockid>
      <transform>
        <scale>0.798515</scale>
        <position>0,-0.338634,1.915400</position>
        <triangledirection>-6.07913e-9,0.985882,0.167429</triangledirection>
        <trianglepickorigin>0,0,0</trianglepickorigin>
        <orientation>
          <row0>1,4.58063e-9,9.33621e-9</row0>
          <row1>-4.43831e-10,0.915746,-0.401755</row1>
          <row2>-1.03898e-8,0.401755,0.915746</row2>
        </orientation>
        <userorientation>
          <userorientation_row0>1,0,0</userorientation_row0>
          <userorientation_row1>0,0.835554,0.549407</userorientation_row1>
          <userorientation_row2>0,-0.549407,0.835554</userorientation_row2>
        </userorientation>
      </transform>
      <snapped>false</snapped>
      <handles count="1">
        <weight channel="0x2e6521f4">0.0589313</weight>
      </handles>
      <isasymmetric>false</isasymmetric>
    </blockref>
    <blockref>
      <blockid>0x40626000, 0xe70274e0</blockid>
      <transform>
        <scale>1</scale>
        <position>-0.147119,-0.112833,1.955729</position>
        <triangledirection>0.812829,0.106935,0.572596</triangledirection>
        <trianglepickorigin>0,0,0</trianglepickorigin>
        <orientation>
          <row0>0.104719,-0.994500,0</row0>
          <row1>0.963625,0.101469,0.247243</row1>
          <row2>-0.245883,-0.0258913,0.968953</row2>
        </orientation>
        <userorientation>
          <userorientation_row0>0.999741,0.0226843,-1.00276e-5</userorientation_row0>
          <userorientation_row1>-0.0212274,0.935684,0.352189</userorientation_row1>
          <userorientation_row2>0.00799863,-0.352097,0.935926</userorientation_row2>
        </userorientation>
      </transform>
      <snapped>false</snapped>
      <symmetric>27</symmetric>
      <handles count="1">
        <weight channel="0xd02751de">0.0467602</weight>
      </handles>
      <isasymmetric>false</isasymmetric>
    </blockref>
    <blockref>
      <blockid>0x40626000, 0xd6ade96e</blockid>
      <transform>
        <scale>1</scale>
        <position>0.147119,-0.112833,1.955729</position>
        <triangledirection>-0.812829,0.106935,0.572595</triangledirection>
        <trianglepickorigin>0,0,0</trianglepickorigin>
        <orientation>
          <row0>0.104719,0.994500,-6.70551e-8</row0>
          <row1>-0.963626,0.101469,0.247242</row1>
          <row2>0.245882,-0.0258910,0.968953</row2>
        </orientation>
        <userorientation>
          <userorientation_row0>0.999741,-0.0226843,1.00276e-5</userorientation_row0>
          <userorientation_row1>0.0212274,0.935684,0.352189</userorientation_row1>
          <userorientation_row2>-0.00799863,-0.352097,0.935926</userorientation_row2>
        </userorientation>
      </transform>
      <snapped>false</snapped>
      <symmetric>26</symmetric>
      <handles count="1">
        <weight channel="0xd02751de">0.0467602</weight>
      </handles>
      <isasymmetric>false</isasymmetric>
    </blockref>
    <blockref>
      <blockid>0x40626000, 0xfb60af37</blockid>
      <transform>
        <scale>1</scale>
        <position>0,-0.210618,1.888898</position>
        <triangledirection>0,0.701588,0.712580</triangledirection>
        <trianglepickorigin>0,0,0</trianglepickorigin>
        <orientation>
          <row0>1,0,0</row0>
          <row1>0,0.701588,0.712580</row1>
          <row2>0,-0.712580,0.701588</row2>
        </orientation>
      </transform>
      <snapped>false</snapped>
      <childlist count="7">
        <childid>40</childid>
        <childid>39</childid>
        <childid>33</childid>
        <childid>32</childid>
        <childid>31</childid>
        <childid>30</childid>
        <childid>25</childid>
      </childlist>
      <handles count="3">
        <weight channel="0xd02751de">0.749661</weight>
        <weight channel="0x2e6521f4">0.251673</weight>
        <weight channel="0x7cc96c02">0.5</weight>
      </handles>
      <isasymmetric>false</isasymmetric>
    </blockref>
    <blockref>
      <blockid>0x40626000, 0x2275f76c</blockid>
      <transform>
        <scale>1</scale>
        <position>0,-0.250360,2.206779</position>
        <triangledirection>0,0.686212,-0.727396</triangledirection>
        <trianglepickorigin>0,0,0</trianglepickorigin>
        <orientation>
          <row0>1,0,0</row0>
          <row1>0,0.508902,-0.860823</row1>
          <row2>0,0.860823,0.508902</row2>
        </orientation>
        <userorientation>
          <userorientation_row0>1,0,0</userorientation_row0>
          <userorientation_row1>0,0.975376,0.220532</userorientation_row1>
          <userorientation_row2>0,-0.220532,0.975376</userorientation_row2>
        </userorientation>
      </transform>
      <snapped>false</snapped>
      <handles count="2">
        <weight channel="0x2e6521f4">0.475239</weight>
        <weight channel="0xd02751de">0.281717</weight>
      </handles>
      <isasymmetric>false</isasymmetric>
    </blockref>
    <blockref>
      <blockid>0x40626000, 0x2275f76c</blockid>
      <transform>
        <scale>1</scale>
        <position>7.40761e-5,-0.270913,1.801980</position>
        <triangledirection>-0.00143817,0.562359,0.826891</triangledirection>
        <trianglepickorigin>0,0,0</trianglepickorigin>
        <orientation>
          <row0>0.999993,0.00347631,-0.000624948</row0>
          <row1>-0.00143817,0.562359,0.826891</row1>
          <row2>0.00322598,-0.826884,0.562361</row2>
        </orientation>
      </transform>
      <snapped>false</snapped>
      <symmetric>39</symmetric>
      <handles count="2">
        <weight channel="0x2e6521f4">1</weight>
        <weight channel="0xd02751de">0.265477</weight>
      </handles>
      <isasymmetric>false</isasymmetric>
    </blockref>
    <blockref>
      <blockid>0x40626000, 0x2275f76c</blockid>
      <transform>
        <scale>1</scale>
        <position>-0.0467102,-0.331220,1.848716</position>
        <triangledirection>-0.987861,0.106104,0.113429</triangledirection>
        <trianglepickorigin>0,0,0</trianglepickorigin>
        <orientation>
          <row0>0.857352,-0.510617,0.0649328</row0>
          <row1>0.511473,0.859288,0.00393885</row1>
          <row2>-0.0578074,0.0298344,0.997880</row2>
        </orientation>
        <userorientation>
          <userorientation_row0>-0.447775,0.800225,-0.398918</userorientation_row0>
          <userorientation_row1>-0.893760,-0.413643,0.173461</userorientation_row1>
          <userorientation_row2>-0.0262017,0.434210,0.900430</userorientation_row2>
        </userorientation>
      </transform>
      <snapped>false</snapped>
      <symmetric>32</symmetric>
      <handles count="2">
        <weight channel="0x2e6521f4">0.769854</weight>
        <weight channel="0xd02751de">0</weight>
      </handles>
      <isasymmetric>false</isasymmetric>
    </blockref>
    <blockref>
      <blockid>0x40626000, 0x2275f76c</blockid>
      <transform>
        <scale>1</scale>
        <position>0.0467102,-0.331220,1.848716</position>
        <triangledirection>0.987861,0.106104,0.113429</triangledirection>
        <trianglepickorigin>0,0,0</trianglepickorigin>
        <orientation>
          <row0>0.857352,0.510617,-0.0649328</row0>
          <row1>-0.511473,0.859288,0.00393885</row1>
          <row2>0.0578074,0.0298344,0.997880</row2>
        </orientation>
        <userorientation>
          <userorientation_row0>-0.447775,-0.800225,0.398918</userorientation_row0>
          <userorientation_row1>0.893760,-0.413643,0.173461</userorientation_row1>
          <userorientation_row2>0.0262017,0.434210,0.900430</userorientation_row2>
        </userorientation>
      </transform>
      <snapped>false</snapped>
      <symmetric>31</symmetric>
      <handles count="2">
        <weight channel="0x2e6521f4">0.769854</weight>
        <weight channel="0xd02751de">0</weight>
      </handles>
      <isasymmetric>false</isasymmetric>
    </blockref>
    <blockref>
      <blockid>0x40626000, 0x2275f76c</blockid>
      <transform>
        <scale>1</scale>
        <position>0.0428211,-0.239848,1.787786</position>
        <triangledirection>-0.350015,0.423316,0.835636</triangledirection>
        <trianglepickorigin>0,0,0</trianglepickorigin>
        <orientation>
          <row0>0.402247,0.915418,-0.0143242</row0>
          <row1>-0.530169,0.245662,0.811523</row1>
          <row2>0.746402,-0.318838,0.584143</row2>
        </orientation>
        <userorientation>
          <userorientation_row0>0.971813,-0.235745,1.86260e-9</userorientation_row0>
          <userorientation_row1>0.234749,0.967700,0.0919113</userorientation_row1>
          <userorientation_row2>-0.0216680,-0.0893206,0.995764</userorientation_row2>
        </userorientation>
      </transform>
      <snapped>false</snapped>
      <symmetric>40</symmetric>
      <handles count="2">
        <weight channel="0x2e6521f4">0.669103</weight>
        <weight channel="0xd02751de">0.265477</weight>
      </handles>
      <isasymmetric>false</isasymmetric>
    </blockref>
    <blockref>
      <blockid>0x40626000, 0x2275f76c</blockid>
      <transform>
        <scale>0.800000</scale>
        <position>-0.119015,-0.259391,2.037672</position>
        <triangledirection>0.815383,-0.193422,-0.545652</triangledirection>
        <trianglepickorigin>0,0,0</trianglepickorigin>
        <orientation>
          <row0>0.594783,-0.803885,7.45057e-8</row0>
          <row1>0.781037,0.577877,0.236717</row1>
          <row2>-0.190294,-0.140796,0.971578</row2>
        </orientation>
        <userorientation>
          <userorientation_row0>-0.767983,0.330163,-0.548802</userorientation_row0>
          <userorientation_row1>0.640465,0.395904,-0.658074</userorientation_row1>
          <userorientation_row2>-2.63933e-7,-0.856881,-0.515510</userorientation_row2>
        </userorientation>
      </transform>
      <snapped>false</snapped>
      <symmetric>35</symmetric>
      <handles count="2">
        <weight channel="0x2e6521f4">0.516380</weight>
        <weight channel="0xd02751de">0</weight>
      </handles>
      <isasymmetric>false</isasymmetric>
    </blockref>
    <blockref>
      <blockid>0x40626000, 0x2275f76c</blockid>
      <transform>
        <scale>0.800000</scale>
        <position>0.119277,-0.259582,2.037586</position>
        <triangledirection>-0.814503,-0.192619,-0.547248</triangledirection>
        <trianglepickorigin>0,0,0</trianglepickorigin>
        <orientation>
          <row0>0.596521,0.802595,3.20373e-7</row0>
          <row1>-0.780342,0.579981,0.233845</row1>
          <row2>0.187683,-0.139495,0.972272</row2>
        </orientation>
        <userorientation>
          <userorientation_row0>-0.767983,-0.330163,0.548802</userorientation_row0>
          <userorientation_row1>-0.640465,0.395904,-0.658074</userorientation_row1>
          <userorientation_row2>2.32947e-7,-0.856881,-0.515510</userorientation_row2>
        </userorientation>
      </transform>
      <snapped>false</snapped>
      <symmetric>34</symmetric>
      <handles count="2">
        <weight channel="0x2e6521f4">0.516380</weight>
        <weight channel="0xd02751de">0</weight>
      </handles>
      <isasymmetric>false</isasymmetric>
    </blockref>
    <blockref>
      <blockid>0x40626000, 0x2275f76c</blockid>
      <transform>
        <scale>0.800000</scale>
        <position>0.0586513,-0.309287,2.039719</position>
        <triangledirection>-0.802139,0.0493041,-0.595093</triangledirection>
        <trianglepickorigin>0,0,0</trianglepickorigin>
        <orientation>
          <row0>0.919040,0.394160,1.19208e-7</row0>
          <row1>-0.383439,0.894044,0.231638</row1>
          <row2>0.0913031,-0.212886,0.972801</row2>
        </orientation>
        <userorientation>
          <userorientation_row0>-0.696280,-0.220403,0.683089</userorientation_row0>
          <userorientation_row1>-0.717767,0.213806,-0.662642</userorientation_row1>
          <userorientation_row2>-2.90667e-7,-0.951686,-0.307067</userorientation_row2>
        </userorientation>
      </transform>
      <snapped>false</snapped>
      <symmetric>37</symmetric>
      <handles count="2">
        <weight channel="0x2e6521f4">0.756461</weight>
        <weight channel="0xd02751de">0</weight>
      </handles>
      <isasymmetric>false</isasymmetric>
    </blockref>
    <blockref>
      <blockid>0x40626000, 0x2275f76c</blockid>
      <transform>
        <scale>0.800000</scale>
        <position>-0.0585796,-0.309118,2.039762</position>
        <triangledirection>0.802213,0.0496120,-0.594968</triangledirection>
        <trianglepickorigin>0,0,0</trianglepickorigin>
        <orientation>
          <row0>0.919100,-0.394021,2.38417e-7</row0>
          <row1>0.383273,0.894029,0.231970</row1>
          <row2>-0.0914018,-0.213204,0.972721</row2>
        </orientation>
        <userorientation>
          <userorientation_row0>-0.696280,0.220403,-0.683089</userorientation_row0>
          <userorientation_row1>0.717767,0.213806,-0.662642</userorientation_row1>
          <userorientation_row2>3.15611e-7,-0.951686,-0.307067</userorientation_row2>
        </userorientation>
      </transform>
      <snapped>false</snapped>
      <symmetric>36</symmetric>
      <handles count="2">
        <weight channel="0x2e6521f4">0.756461</weight>
        <weight channel="0xd02751de">0</weight>
      </handles>
      <isasymmetric>false</isasymmetric>
    </blockref>
    <blockref>
      <blockid>0x40626000, 0x309afb5b</blockid>
      <transform>
        <scale>1.252321</scale>
        <position>0,-0.107358,1.201918</position>
        <triangledirection>0,-0.0655528,0.997847</triangledirection>
        <trianglepickorigin>0,0,0</trianglepickorigin>
        <orientation>
          <row0>1,0,0</row0>
          <row1>0,0.989277,0.146045</row1>
          <row2>0,-0.146045,0.989277</row2>
        </orientation>
        <userorientation>
          <userorientation_row0>-1,0,0</userorientation_row0>
          <userorientation_row1>0,0.0808821,0.996721</userorientation_row1>
          <userorientation_row2>0,0.996721,-0.0808821</userorientation_row2>
        </userorientation>
      </transform>
      <snapped>false</snapped>
      <handles count="2">
        <weight channel="0x7cc96c02">0</weight>
        <weight channel="0xd02751de">0.371623</weight>
      </handles>
      <isasymmetric>false</isasymmetric>
    </blockref>
    <blockref>
      <blockid>0x40626000, 0x2275f76c</blockid>
      <transform>
        <scale>1</scale>
        <position>-7.40761e-5,-0.270913,1.801980</position>
        <triangledirection>0.00143817,0.562359,0.826891</triangledirection>
        <trianglepickorigin>0,0,0</trianglepickorigin>
        <orientation>
          <row0>0.999993,-0.00347631,0.000624948</row0>
          <row1>0.00143817,0.562359,0.826891</row1>
          <row2>-0.00322598,-0.826884,0.562361</row2>
        </orientation>
      </transform>
      <snapped>false</snapped>
      <symmetric>30</symmetric>
      <handles count="2">
        <weight channel="0x2e6521f4">1</weight>
        <weight channel="0xd02751de">0.265477</weight>
      </handles>
      <isasymmetric>false</isasymmetric>
    </blockref>
    <blockref>
      <blockid>0x40626000, 0x2275f76c</blockid>
      <transform>
        <scale>1</scale>
        <position>-0.0428211,-0.239848,1.787786</position>
        <triangledirection>0.350015,0.423316,0.835636</triangledirection>
        <trianglepickorigin>0,0,0</trianglepickorigin>
        <orientation>
          <row0>0.402247,-0.915418,0.0143242</row0>
          <row1>0.530169,0.245662,0.811523</row1>
          <row2>-0.746402,-0.318838,0.584143</row2>
        </orientation>
        <userorientation>
          <userorientation_row0>0.971813,0.235745,-1.86260e-9</userorientation_row0>
          <userorientation_row1>-0.234749,0.967700,0.0919113</userorientation_row1>
          <userorientation_row2>0.0216680,-0.0893206,0.995764</userorientation_row2>
        </userorientation>
      </transform>
      <snapped>false</snapped>
      <symmetric>33</symmetric>
      <handles count="2">
        <weight channel="0x2e6521f4">0.669103</weight>
        <weight channel="0xd02751de">0.265477</weight>
      </handles>
      <isasymmetric>false</isasymmetric>
    </blockref>
    <blockref>
      <blockid>0x40626000, 0x2275f76c</blockid>
      <transform>
        <scale>0.800000</scale>
        <position>0,-0.318962,2.030071</position>
        <triangledirection>-0.837772,0.245977,-0.487470</triangledirection>
        <trianglepickorigin>0,0,0</trianglepickorigin>
        <orientation>
          <row0>1,0,0</row0>
          <row1>0,0.955613,0.294624</row1>
          <row2>0,-0.294624,0.955613</row2>
        </orientation>
        <userorientation>
          <userorientation_row0>-0.546018,-0.140299,0.825940</userorientation_row0>
          <userorientation_row1>-0.837772,0.0914399,-0.538303</userorientation_row1>
          <userorientation_row2>6.24185e-9,-0.985876,-0.167465</userorientation_row2>
        </userorientation>
      </transform>
      <snapped>false</snapped>
      <symmetric>42</symmetric>
      <handles count="2">
        <weight channel="0x2e6521f4">0.756461</weight>
        <weight channel="0xd02751de">0</weight>
      </handles>
      <isasymmetric>false</isasymmetric>
    </blockref>
    <blockref>
      <blockid>0x40626000, 0x2275f76c</blockid>
      <transform>
        <scale>0.800000</scale>
        <position>0,-0.318962,2.030071</position>
        <triangledirection>0.837772,0.245977,-0.487470</triangledirection>
        <trianglepickorigin>0,0,0</trianglepickorigin>
        <orientation>
          <row0>1,0,0</row0>
          <row1>0,0.955613,0.294624</row1>
          <row2>0,-0.294624,0.955613</row2>
        </orientation>
        <userorientation>
          <userorientation_row0>-0.546018,0.140299,-0.825940</userorientation_row0>
          <userorientation_row1>0.837772,0.0914399,-0.538303</userorientation_row1>
          <userorientation_row2>-8.10280e-9,-0.985876,-0.167465</userorientation_row2>
        </userorientation>
      </transform>
      <snapped>false</snapped>
      <symmetric>41</symmetric>
      <handles count="2">
        <weight channel="0x2e6521f4">0.756461</weight>
