<?xml version="1.0" encoding="UTF-8"?><sporemodel>
  <formatversion>18</formatversion>
  <properties>
    <modeltype>0x9ea3031a</modeltype>
    <skineffect1>0x71357e68</skineffect1>
    <skineffect2>0xcf48a38f</skineffect2>
    <skineffect3>0x0628c255</skineffect3>
    <skineffectseed1>1234</skineffectseed1>
    <skineffectseed2>1234</skineffectseed2>
    <skineffectseed3>1234</skineffectseed3>
    <skincolor1>0.164703,0.164703,0.164703</skincolor1>
    <skincolor2>0.694117,0.490195,0.411763</skincolor2>
    <skincolor3>0,0,0</skincolor3>
    <zcorpscore>0</zcorpscore>
  </properties>
  <blocks count="30">
    <blockref>
      <blockid>0x40626000, 0xd05c53a3</blockid>
      <transform>
        <scale>0.318926</scale>
        <position>0,0.329921,0.566030</position>
        <triangledirection>0,0.442557,-0.896740</triangledirection>
        <trianglepickorigin>0,0,0</trianglepickorigin>
        <orientation>
          <row0>1,0,0</row0>
          <row1>0,0.442557,-0.896740</row1>
          <row2>0,0.896740,0.442557</row2>
        </orientation>
      </transform>
      <snapped>false</snapped>
      <isasymmetric>false</isasymmetric>
    </blockref>
    <blockref>
      <blockid>0x40626000, 0xd05c53a3</blockid>
      <transform>
        <scale>0.629000</scale>
        <position>0,0.269576,0.654608</position>
        <triangledirection>0,0.672559,-0.740042</triangledirection>
        <trianglepickorigin>0,0,0</trianglepickorigin>
        <orientation>
          <row0>1,0,0</row0>
          <row1>0,0.672559,-0.740042</row1>
          <row2>0,0.740042,0.672559</row2>
        </orientation>
      </transform>
      <snapped>false</snapped>
      <childlist count="3">
        <childid>23</childid>
        <childid>21</childid>
        <childid>0</childid>
      </childlist>
      <isasymmetric>false</isasymmetric>
    </blockref>
    <blockref>
      <blockid>0x40626000, 0xd05c53a3</blockid>
      <transform>
        <scale>0.693692</scale>
        <position>0,0.187795,0.724852</position>
        <triangledirection>0,0.833041,-0.553210</triangledirection>
        <trianglepickorigin>0,0,0</trianglepickorigin>
        <orientation>
          <row0>1,0,0</row0>
          <row1>0,0.833041,-0.553210</row1>
          <row2>0,0.553210,0.833041</row2>
        </orientation>
      </transform>
      <snapped>false</snapped>
      <childlist count="1">
        <childid>1</childid>
      </childlist>
      <isasymmetric>false</isasymmetric>
    </blockref>
    <blockref>
      <blockid>0x40626000, 0xd05c53a3</blockid>
      <transform>
        <scale>0.763122</scale>
        <position>0,0.0938730,0.784138</position>
        <triangledirection>0,0.857756,-0.514054</triangledirection>
        <trianglepickorigin>0,0,0</trianglepickorigin>
        <orientation>
          <row0>1,0,0</row0>
          <row1>0,0.857756,-0.514054</row1>
          <row2>0,0.514054,0.857756</row2>
        </orientation>
      </transform>
      <snapped>false</snapped>
      <childlist count="1">
        <childid>2</childid>
      </childlist>
      <isasymmetric>false</isasymmetric>
    </blockref>
    <blockref>
      <blockid>0x40626000, 0xd05c53a3</blockid>
      <transform>
        <scale>0.900922</scale>
        <position>0,-0.00288244,0.838343</position>
        <triangledirection>0,0.886349,-0.463014</triangledirection>
        <trianglepickorigin>0,0,0</trianglepickorigin>
        <orientation>
          <row0>1,0,0</row0>
          <row1>0,0.886349,-0.463014</row1>
          <row2>0,0.463014,0.886349</row2>
        </orientation>
      </transform>
      <snapped>false</snapped>
      <childlist count="3">
        <childid>19</childid>
        <childid>17</childid>
        <childid>3</childid>
      </childlist>
      <isasymmetric>false</isasymmetric>
    </blockref>
    <blockref>
      <blockid>0x40626000, 0xd05c53a3</blockid>
      <transform>
        <scale>0.654788</scale>
        <position>0,-0.103551,0.881007</position>
        <triangledirection>0,0.949140,-0.314853</triangledirection>
        <trianglepickorigin>0,0,0</trianglepickorigin>
        <orientation>
          <row0>1,0,0</row0>
          <row1>0,0.949140,-0.314853</row1>
          <row2>0,0.314853,0.949140</row2>
        </orientation>
      </transform>
      <snapped>false</snapped>
      <childlist count="1">
        <childid>4</childid>
      </childlist>
      <isasymmetric>false</isasymmetric>
    </blockref>
    <blockref>
      <blockid>0x40626000, 0xd05c53a3</blockid>
      <transform>
        <scale>0.325103</scale>
        <position>0,-0.209453,0.916939</position>
        <triangledirection>0,0.944754,-0.327778</triangledirection>
        <trianglepickorigin>0,0,0</trianglepickorigin>
        <orientation>
          <row0>1,0,0</row0>
          <row1>0,0.944754,-0.327778</row1>
          <row2>0,0.327778,0.944754</row2>
        </orientation>
      </transform>
      <snapped>false</snapped>
      <childlist count="1">
        <childid>5</childid>
      </childlist>
      <isasymmetric>false</isasymmetric>
    </blockref>
    <blockref>
      <blockid>0x40626000, 0xd05c53a3</blockid>
      <transform>
        <scale>0.573522</scale>
        <position>0,-0.314806,0.954662</position>
        <triangledirection>0,0.938103,-0.346356</triangledirection>
        <trianglepickorigin>0,0,0</trianglepickorigin>
        <orientation>
          <row0>1,0,0</row0>
          <row1>0,0.938103,-0.346356</row1>
          <row2>0,0.346356,0.938103</row2>
        </orientation>
      </transform>
      <snapped>false</snapped>
      <childlist count="10">
        <childid>16</childid>
        <childid>15</childid>
        <childid>14</childid>
        <childid>13</childid>
        <childid>12</childid>
        <childid>11</childid>
        <childid>10</childid>
        <childid>9</childid>
        <childid>8</childid>
        <childid>6</childid>
      </childlist>
      <isasymmetric>false</isasymmetric>
    </blockref>
    <blockref>
      <blockid>0x40626000, 0xfb60af36</blockid>
      <transform>
        <scale>0.687287</scale>
        <position>0,-0.448534,0.795560</position>
        <triangledirection>0,0.941199,0.337852</triangledirection>
        <trianglepickorigin>0,0,0</trianglepickorigin>
        <orientation>
          <row0>1,0,0</row0>
          <row1>0,0.812865,0.582451</row1>
          <row2>0,-0.582451,0.812865</row2>
        </orientation>
        <userorientation>
          <userorientation_row0>1,0,0</userorientation_row0>
          <userorientation_row1>0,0.961849,-0.273575</userorientation_row1>
          <userorientation_row2>0,0.273575,0.961849</userorientation_row2>
        </userorientation>
      </transform>
      <snapped>false</snapped>
      <childlist count="1">
        <childid>29</childid>
      </childlist>
      <handles count="3">
        <weight channel="0x2e6521f4">0.389506</weight>
        <weight channel="0x7cc96c02">0.501128</weight>
        <weight channel="0xd02751de">0.501549</weight>
      </handles>
      <isasymmetric>false</isasymmetric>
    </blockref>
    <blockref>
      <blockid>0x40626000, 0xd6ade96b</blockid>
      <transform>
        <scale>0.927743</scale>
        <position>0.0613784,-0.434839,0.930940</position>
        <triangledirection>-0.387427,0.809256,-0.441590</triangledirection>
        <trianglepickorigin>0,0,0</trianglepickorigin>
        <orientation>
          <row0>0.820994,0.570935,1.49010e-8</row0>
          <row1>-0.493961,0.710307,-0.501462</row1>
          <row2>-0.286303,0.411698,0.865177</row2>
        </orientation>
        <userorientation>
          <userorientation_row0>0.947996,-0.119653,-0.294932</userorientation_row0>
          <userorientation_row1>0.143958,0.987636,0.0620375</userorientation_row1>
          <userorientation_row2>0.283861,-0.101268,0.953500</userorientation_row2>
        </userorientation>
      </transform>
      <snapped>false</snapped>
      <symmetric>10</symmetric>
      <handles count="1">
        <weight channel="0x2e6521f4">0</weight>
      </handles>
      <isasymmetric>false</isasymmetric>
    </blockref>
    <blockref>
      <blockid>0x40626000, 0x5a0c85bd</blockid>
      <transform>
        <scale>0.927743</scale>
        <position>-0.0613784,-0.434839,0.930940</position>
        <triangledirection>0.387427,0.809256,-0.441590</triangledirection>
        <trianglepickorigin>0,0,0</trianglepickorigin>
        <orientation>
          <row0>0.820994,-0.570935,-1.49010e-8</row0>
          <row1>0.493961,0.710307,-0.501462</row1>
          <row2>0.286303,0.411698,0.865177</row2>
        </orientation>
        <userorientation>
          <userorientation_row0>0.947996,0.119653,0.294932</userorientation_row0>
          <userorientation_row1>-0.143958,0.987636,0.0620375</userorientation_row1>
          <userorientation_row2>-0.283861,-0.101268,0.953500</userorientation_row2>
        </userorientation>
      </transform>
      <snapped>false</snapped>
      <symmetric>9</symmetric>
      <handles count="1">
        <weight channel="0x2e6521f4">0</weight>
      </handles>
      <isasymmetric>false</isasymmetric>
    </blockref>
    <blockref>
      <blockid>0x40626000, 0xd6ade96e</blockid>
      <transform>
        <scale>0.5</scale>
        <position>0.121322,-0.360392,0.888818</position>
        <triangledirection>-0.888336,0.411570,0.203630</triangledirection>
        <trianglepickorigin>0,0,0</trianglepickorigin>
        <orientation>
          <row0>0.112960,0.993598,0</row0>
          <row1>-0.980233,0.111441,-0.163473</row1>
          <row2>-0.162428,0.0184661,0.986546</row2>
        </orientation>
        <userorientation>
          <userorientation_row0>0.752677,1.49010e-8,-0.658388</userorientation_row0>
          <userorientation_row1>0.308589,0.883354,0.352782</userorientation_row1>
          <userorientation_row2>0.581591,-0.468703,0.664879</userorientation_row2>
        </userorientation>
      </transform>
      <snapped>false</snapped>
      <symmetric>12</symmetric>
      <handles count="1">
        <weight channel="0xd02751de">0</weight>
      </handles>
      <isasymmetric>false</isasymmetric>
    </blockref>
    <blockref>
      <blockid>0x40626000, 0xe70274e0</blockid>
      <transform>
        <scale>0.5</scale>
        <position>-0.121322,-0.360392,0.888818</position>
        <triangledirection>0.888336,0.411570,0.203630</triangledirection>
        <trianglepickorigin>0,0,0</trianglepickorigin>
        <orientation>
          <row0>0.112960,-0.993598,0</row0>
          <row1>0.980233,0.111440,-0.163473</row1>
          <row2>0.162428,0.0184661,0.986546</row2>
        </orientation>
        <userorientation>
          <userorientation_row0>0.752677,-1.49010e-8,0.658388</userorientation_row0>
          <userorientation_row1>-0.308589,0.883354,0.352782</userorientation_row1>
          <userorientation_row2>-0.581591,-0.468703,0.664879</userorientation_row2>
        </userorientation>
      </transform>
      <snapped>false</snapped>
      <symmetric>11</symmetric>
      <handles count="1">
        <weight channel="0xd02751de">0</weight>
      </handles>
      <isasymmetric>false</isasymmetric>
    </blockref>
    <blockref>
      <blockid>0x40626000, 0x72b60e1e</blockid>
      <transform>
        <scale>0.699998</scale>
        <position>-0.0389823,-0.461905,0.893813</position>
        <triangledirection>0.313760,0.927608,-0.202721</triangledirection>
        <trianglepickorigin>0,0,0</trianglepickorigin>
        <orientation>
          <row0>0.947277,-0.320412,3.72529e-9</row0>
          <row1>0.313760,0.927608,-0.202721</row1>
          <row2>0.0649548,0.192034,0.979236</row2>
        </orientation>
      </transform>
      <snapped>false</snapped>
      <symmetric>14</symmetric>
      <isasymmetric>false</isasymmetric>
    </blockref>
    <blockref>
      <blockid>0x40626000, 0xbda70e38</blockid>
      <transform>
        <scale>0.699998</scale>
        <position>0.0389931,-0.461937,0.893819</position>
        <triangledirection>-0.313749,0.927627,-0.202647</triangledirection>
        <trianglepickorigin>0,0,0</trianglepickorigin>
        <orientation>
          <row0>0.947282,0.320398,3.72529e-9</row0>
          <row1>-0.313749,0.927627,-0.202647</row1>
          <row2>-0.0649281,0.191964,0.979251</row2>
        </orientation>
      </transform>
      <snapped>false</snapped>
      <symmetric>13</symmetric>
      <isasymmetric>false</isasymmetric>
    </blockref>
    <blockref>
      <blockid>0x40626000, 0x341b1825</blockid>
      <transform>
        <scale>0.927743</scale>
        <position>0.0398149,-0.461263,0.896492</position>
        <triangledirection>-0.319853,0.920648,-0.223823</triangledirection>
        <trianglepickorigin>0,0,0</trianglepickorigin>
        <orientation>
          <row0>0.944615,0.328179,0</row0>
          <row1>-0.319853,0.920648,-0.223823</row1>
          <row2>-0.0734549,0.211428,0.974628</row2>
        </orientation>
      </transform>
      <snapped>false</snapped>
      <symmetric>16</symmetric>
      <handles count="2">
        <weight channel="0x2e6521f4">0</weight>
        <weight channel="0xd02751de">0</weight>
      </handles>
      <isasymmetric>false</isasymmetric>
    </blockref>
    <blockref>
      <blockid>0x40626000, 0x341b1825</blockid>
      <transform>
        <scale>0.927743</scale>
        <position>-0.0398144,-0.461261,0.896492</position>
        <triangledirection>0.319855,0.920647,-0.223827</triangledirection>
        <trianglepickorigin>0,0,0</trianglepickorigin>
        <orientation>
          <row0>0.944613,-0.328180,7.45058e-9</row0>
          <row1>0.319855,0.920647,-0.223827</row1>
          <row2>0.0734561,0.211430,0.974627</row2>
        </orientation>
      </transform>
      <snapped>false</snapped>
      <symmetric>15</symmetric>
      <handles count="2">
        <weight channel="0x2e6521f4">0</weight>
        <weight channel="0xd02751de">0</weight>
      </handles>
      <isasymmetric>false</isasymmetric>
    </blockref>
    <blockref>
      <blockid>0x40626000, 0xbcdd7052</blockid>
      <transform>
        <limbtype>0</limbtype>
        <musclescale>0.474999</musclescale>
        <basemusclescale>1.349997</basemusclescale>
        <scale>1</scale>
        <position>0.173069,-0.160788,0.737360</position>
        <triangledirection>-0.483119,0.120429,0.867232</triangledirection>
        <trianglepickorigin>0,0,0</trianglepickorigin>
        <orientation>
          <row0>0.695088,-0.549534,0.463533</row0>
          <row1>-0.483119,0.120429,0.867232</row1>
          <row2>-0.532396,-0.826745,-0.181782</row2>
        </orientation>
      </transform>
      <snapped>false</snapped>
      <childlist count="1">
        <childid>18</childid>
      </childlist>
      <symmetric>19</symmetric>
      <handles count="1">
        <weight channel="0xf320ba37">0.0867445</weight>
      </handles>
      <isasymmetric>false</isasymmetric>
    </blockref>
    <blockref>
      <blockid>0x40626000, 0x2051ae2d</blockid>
      <transform>
        <limbtype>0</limbtype>
        <musclescale>0.524999</musclescale>
        <basemusclescale>0.999997</basemusclescale>
        <scale>1</scale>
        <position>0.314235,-0.195978,0.483956</position>
        <triangledirection>-0.0561423,0.601300,0.797047</triangledirection>
        <trianglepickorigin>0,0,0</trianglepickorigin>
        <orientation>
          <row0>0.695088,-0.549534,0.463533</row0>
          <row1>-0.0561423,0.601300,0.797047</row1>
          <row2>-0.716727,-0.580043,0.387104</row2>
        </orientation>
      </transform>
      <snapped>true</snapped>
      <childlist count="1">
        <childid>26</childid>
      </childlist>
      <symmetric>20</symmetric>
      <handles count="1">
        <weight channel="0xf320ba37">0.0958297</weight>
      </handles>
      <isasymmetric>false</isasymmetric>
    </blockref>
    <blockref>
      <blockid>0x40626000, 0xbcdd7052</blockid>
      <transform>
        <limbtype>0</limbtype>
        <musclescale>0.474999</musclescale>
        <basemusclescale>1.349997</basemusclescale>
        <scale>1</scale>
        <position>-0.173069,-0.160788,0.737360</position>
        <triangledirection>0.483119,0.120429,0.867232</triangledirection>
        <trianglepickorigin>0,0,0</trianglepickorigin>
        <orientation>
          <row0>0.695088,0.549534,-0.463533</row0>
          <row1>0.483119,0.120429,0.867232</row1>
          <row2>0.532396,-0.826744,-0.181782</row2>
        </orientation>
      </transform>
      <snapped>false</snapped>
      <childlist count="1">
        <childid>20</childid>
      </childlist>
      <symmetric>17</symmetric>
      <handles count="1">
        <weight channel="0xf320ba37">0.0867445</weight>
      </handles>
      <isasymmetric>false</isasymmetric>
    </blockref>
    <blockref>
      <blockid>0x40626000, 0x2051ae2d</blockid>
      <transform>
        <limbtype>0</limbtype>
        <musclescale>0.524999</musclescale>
        <basemusclescale>0.999997</basemusclescale>
        <scale>1</scale>
        <position>-0.314235,-0.195978,0.483956</position>
        <triangledirection>0.0561423,0.601298,0.797047</triangledirection>
        <trianglepickorigin>0,0,0</trianglepickorigin>
        <orientation>
          <row0>0.695088,0.549534,-0.463533</row0>
          <row1>0.0561423,0.601298,0.797047</row1>
          <row2>0.716727,-0.580043,0.387104</row2>
        </orientation>
      </transform>
      <snapped>true</snapped>
      <childlist count="1">
        <childid>25</childid>
      </childlist>
      <symmetric>18</symmetric>
      <handles count="1">
        <weight channel="0xf320ba37">0.0958297</weight>
      </handles>
      <isasymmetric>false</isasymmetric>
    </blockref>
    <blockref>
      <blockid>0x40626000, 0xdec3c22a</blockid>
      <transform>
        <limbtype>0</limbtype>
        <musclescale>0.324999</musclescale>
        <basemusclescale>1.299998</basemusclescale>
        <scale>1</scale>
        <position>0.0929140,0.287088,0.539713</position>
        <triangledirection>-0.529012,0.510044,0.678232</triangledirection>
        <trianglepickorigin>0,0,0</trianglepickorigin>
        <orientation>
          <row0>-0.762561,-0.636393,-0.116205</row0>
          <row1>-0.529012,0.510044,0.678232</row1>
          <row2>-0.372352,0.578666,-0.725601</row2>
        </orientation>
      </transform>
      <snapped>false</snapped>
      <childlist count="1">
        <childid>22</childid>
      </childlist>
      <symmetric>23</symmetric>
      <handles count="1">
        <weight channel="0xf320ba37">0.102489</weight>
      </handles>
      <isasymmetric>false</isasymmetric>
    </blockref>
    <blockref>
      <blockid>0x40626000, 0x33fccc91</blockid>
      <transform>
        <limbtype>0</limbtype>
        <musclescale>0.125</musclescale>
        <basemusclescale>0.800000</basemusclescale>
        <scale>1</scale>
        <position>0.269811,0.116532,0.312918</position>
        <triangledirection>0.0456725,-0.232142,0.971607</triangledirection>
        <trianglepickorigin>0,0,0</trianglepickorigin>
        <orientation>
          <row0>-0.762561,-0.636393,-0.116205</row0>
          <row1>0.0456724,-0.232142,0.971607</row1>
          <row2>-0.645300,0.735602,0.206089</row2>
        </orientation>
      </transform>
      <snapped>true</snapped>
      <childlist count="1">
        <childid>27</childid>
      </childlist>
      <symmetric>24</symmetric>
      <handles count="1">
        <weight channel="0xf320ba37">0.0750885</weight>
      </handles>
      <isasymmetric>false</isasymmetric>
    </blockref>
    <blockref>
      <blockid>0x40626000, 0xdec3c22a</blockid>
      <transform>
        <limbtype>0</limbtype>
        <musclescale>0.324999</musclescale>
        <basemusclescale>1.299998</basemusclescale>
        <scale>1</scale>
        <position>-0.0929140,0.287088,0.539713</position>
        <triangledirection>0.529012,0.510046,0.678231</triangledirection>
        <trianglepickorigin>0,0,0</trianglepickorigin>
        <orientation>
          <row0>-0.762561,0.636393,0.116204</row0>
          <row1>0.529012,0.510046,0.678231</row1>
          <row2>0.372350,0.578666,-0.725601</row2>
        </orientation>
      </transform>
      <snapped>false</snapped>
      <childlist count="1">
        <childid>24</childid>
      </childlist>
      <symmetric>21</symmetric>
      <handles count="1">
        <weight channel="0xf320ba37">0.102489</weight>
      </handles>
      <isasymmetric>false</isasymmetric>
    </blockref>
    <blockref>
      <blockid>0x40626000, 0x33fccc91</blockid>
      <transform>
        <limbtype>0</limbtype>
        <musclescale>0.125</musclescale>
        <basemusclescale>0.800000</basemusclescale>
        <scale>1</scale>
        <position>-0.269811,0.116532,0.312918</position>
        <triangledirection>-0.0456728,-0.232143,0.971607</triangledirection>
        <trianglepickorigin>0,0,0</trianglepickorigin>
        <orientation>
          <row0>-0.762560,0.636393,0.116205</row0>
          <row1>-0.0456728,-0.232143,0.971607</row1>
          <row2>0.645301,0.735602,0.206089</row2>
        </orientation>
      </transform>
      <snapped>true</snapped>
      <childlist count="1">
        <childid>28</childid>
      </childlist>
      <symmetric>22</symmetric>
      <handles count="1">
        <weight channel="0xf320ba37">0.0750885</weight>
      </handles>
      <isasymmetric>false</isasymmetric>
    </blockref>
    <blockref>
      <blockid>0x40626000, 0x8738c83d</blockid>
      <transform>
        <basemusclescale>0.923259</basemusclescale>
        <scale>0.798515</scale>
        <position>-0.332152,-0.387874,0.229590</position>
        <triangledirection>-0.387154,-0.634422,0.669040</triangledirection>
        <trianglepickorigin>0,0,0</trianglepickorigin>
        <orientation>
          <row0>0.153326,-0.794030,0.588222</row0>
          <row1>0.0561423,0.601298,0.797047</row1>
          <row2>-0.986579,-0.0891840,0.136773</row2>
        </orientation>
        <userorientation>
          <userorientation_row0>0.545758,-0.205124,-0.812447</userorientation_row0>
          <userorientation_row1>0.837934,0.130043,0.530045</userorientation_row1>
          <userorientation_row2>-0.00307056,-0.970057,0.242853</userorientation_row2>
        </userorientation>
      </transform>
      <snapped>true</snapped>
      <symmetric>26</symmetric>
      <isasymmetric>false</isasymmetric>
    </blockref>
    <blockref>
      <blockid>0x40626000, 0xd82377eb</blockid>
      <transform>
        <basemusclescale>0.923259</basemusclescale>
        <scale>0.798515</scale>
        <position>0.332152,-0.387874,0.229590</position>
        <triangledirection>0.387154,-0.634422,0.669041</triangledirection>
        <trianglepickorigin>0,0,0</trianglepickorigin>
        <orientation>
          <row0>0.153326,0.794030,-0.588222</row0>
          <row1>-0.0561423,0.601300,0.797047</row1>
          <row2>0.986579,-0.0891840,0.136773</row2>
        </orientation>
        <userorientation>
          <userorientation_row0>0.545758,0.205124,0.812447</userorientation_row0>
          <userorientation_row1>-0.837934,0.130043,0.530045</userorientation_row1>
          <userorientation_row2>0.00307056,-0.970057,0.242853</userorientation_row2>
        </userorientation>
      </transform>
      <snapped>true</snapped>
      <symmetric>25</symmetric>
      <isasymmetric>false</isasymmetric>
    </blockref>
    <blockref>
      <blockid>0x40626000, 0x540e5be7</blockid>
      <transform>
        <basemusclescale>0.813655</basemusclescale>
        <scale>0.740818</scale>
        <position>0.258044,0.176341,0.0625964</position>
        <triangledirection>8.64262e-7,1,1.92968e-6</triangledirection>
        <trianglepickorigin>0,0,0</trianglepickorigin>
        <orientation>
          <row0>1,-8.64260e-7,-4.61936e-7</row0>
          <row1>8.64262e-7,1,1.92968e-6</row1>
          <row2>4.61935e-7,-1.92969e-6,1</row2>
        </orientation>
      </transform>
      <snapped>true</snapped>
      <symmetric>28</symmetric>
      <handles count="1">
        <weight channel="0x2e6521f4">0.514060</weight>
      </handles>
      <isasymmetric>false</isasymmetric>
    </blockref>
    <blockref>
      <blockid>0x40626000, 0xcab8bba1</blockid>
      <transform>
        <basemusclescale>0.813655</basemusclescale>
        <scale>0.740818</scale>
        <position>-0.258044,0.176341,0.0625965</position>
        <triangledirection>-8.64262e-7,1,1.92968e-6</triangledirection>
        <trianglepickorigin>0,0,0</trianglepickorigin>
        <orientation>
          <row0>1,8.64260e-7,4.61936e-7</row0>
          <row1>-8.64262e-7,1,1.92968e-6</row1>
          <row2>-4.61935e-7,-1.92969e-6,1</row2>
        </orientation>
      </transform>
      <snapped>true</snapped>
      <symmetric>27</symmetric>
      <handles count="1">
        <weight channel="0x2e6521f4">0.514060</weight>
      </handles>
      <isasymmetric>false</isasymmetric>
    </blockref>
    <blockref>
      <blockid>0x40626000, 0x87e7ee61</blockid>
      <transform>
        <scale>0.800000</scale>
        <position>-7.28777e-5,-0.511888,0.854947</position>
        <triangledirection>-1.27076e-9,-0.533227,0.845970</triangledirection>
        <trianglepickorigin>0,0,0</trianglepickorigin>
        <orientation>
          <row0>1,4.75441e-9,4.49891e-9</row0>
          <row1>1.35947e-9,0.521471,-0.853268</row1>
          <row2>-6.40284e-9,0.853268,0.521471</row2>
        </orientation>
        <userorientation>
          <userorientation_row0>1,0,0</userorientation_row0>
          <userorientation_row1>0,-0.999903,-0.0138362</userorientation_row1>
          <userorientation_row2>0,0.0138362,-0.999903</userorientation_row2>
        </userorientation>
      </transform>
      <snapped>false</snapped>
      <handles count="2">
        <weight channel="0x7cc96c02">0</weight>
        <weight channel="0xd02751de">0</weight>
      </handles>
      <isasymmetric>false</isasymmetric>
    </blockref>
  </blocks></sporemodel>