<?xml version="1.0" encoding="UTF-8"?><sporemodel>
  <formatversion>18</formatversion>
  <properties>
    <modeltype>0x9ea3031a</modeltype>
    <skineffect1>0xa3163e4a</skineffect1>
    <skineffect2>0x641caab1</skineffect2>
    <skineffect3>0xdd5391a5</skineffect3>
    <skineffectseed1>1234</skineffectseed1>
    <skineffectseed2>1234</skineffectseed2>
    <skineffectseed3>1234</skineffectseed3>
    <skincolor1>0.282352,0.176468,0.168625</skincolor1>
    <skincolor2>0.662743,1,0.184312</skincolor2>
    <skincolor3>1,0.117646,0.0509801</skincolor3>
    <zcorpscore>1</zcorpscore>
  </properties>
  <blocks count="73">
    <blockref>
      <blockid>0x40626000, 0xd05c53a3</blockid>
      <transform>
        <scale>1.724997</scale>
        <position>0,0.234151,0.843604</position>
        <triangledirection>0,0.615899,-0.787823</triangledirection>
        <trianglepickorigin>0,0,0</trianglepickorigin>
        <orientation>
          <row0>1,0,0</row0>
          <row1>0,0.615899,-0.787823</row1>
          <row2>0,0.787823,0.615899</row2>
        </orientation>
      </transform>
      <snapped>false</snapped>
      <childlist count="9">
        <childid>69</childid>
        <childid>67</childid>
        <childid>66</childid>
        <childid>54</childid>
        <childid>50</childid>
        <childid>40</childid>
        <childid>21</childid>
        <childid>2</childid>
        <childid>1</childid>
      </childlist>
      <isasymmetric>false</isasymmetric>
    </blockref>
    <blockref>
      <blockid>0x40626000, 0xd05c53a3</blockid>
      <transform>
        <scale>1.062332</scale>
        <position>0,0.300740,0.754635</position>
        <triangledirection>0,0.582270,-0.812994</triangledirection>
        <trianglepickorigin>0,0,0</trianglepickorigin>
        <orientation>
          <row0>1,0,0</row0>
          <row1>0,0.582270,-0.812994</row1>
          <row2>0,0.812994,0.582270</row2>
        </orientation>
      </transform>
      <snapped>false</snapped>
      <isasymmetric>false</isasymmetric>
    </blockref>
    <blockref>
      <blockid>0x40626000, 0xd621ad4b</blockid>
      <transform>
        <limbtype>1</limbtype>
        <musclescale>1</musclescale>
        <basemusclescale>2.599997</basemusclescale>
        <scale>1</scale>
        <position>0,0.0184796,1.049867</position>
        <triangledirection>0,0.0399584,-0.999200</triangledirection>
        <trianglepickorigin>0,0,0</trianglepickorigin>
        <orientation>
          <row0>-1,0,0</row0>
          <row1>0,0.0399584,-0.999200</row1>
          <row2>0,-0.999200,-0.0399584</row2>
        </orientation>
      </transform>
      <snapped>false</snapped>
      <childlist count="3">
        <childid>41</childid>
        <childid>5</childid>
        <childid>3</childid>
      </childlist>
      <handles count="1">
        <weight channel="0xf320ba37">0.221627</weight>
      </handles>
      <isasymmetric>false</isasymmetric>
    </blockref>
    <blockref>
      <blockid>0x40626000, 0x2051ae2d</blockid>
      <transform>
        <limbtype>1</limbtype>
        <musclescale>0.474999</musclescale>
        <basemusclescale>1.899999</basemusclescale>
        <scale>1</scale>
        <position>0,-0.00917675,1.741441</position>
        <triangledirection>-0.342110,-0.0968893,-0.934650</triangledirection>
        <trianglepickorigin>0,0,0</trianglepickorigin>
        <orientation>
          <row0>0.365081,-0.930230,-0.0372002</row0>
          <row1>-0.342110,-0.0968893,-0.934650</row1>
          <row2>0.865836,0.353951,-0.353614</row2>
        </orientation>
      </transform>
      <snapped>true</snapped>
      <childlist count="2">
        <childid>13</childid>
        <childid>4</childid>
      </childlist>
      <symmetric>5</symmetric>
      <handles count="1">
        <weight channel="0xf320ba37">0.224193</weight>
      </handles>
      <isasymmetric>false</isasymmetric>
    </blockref>
    <blockref>
      <blockid>0x40626000, 0x2051ae2d</blockid>
      <transform>
        <limbtype>1</limbtype>
        <musclescale>0.349999</musclescale>
        <basemusclescale>1</basemusclescale>
        <scale>1</scale>
        <position>0.239387,0.0586199,2.395448</position>
        <triangledirection>-0.475329,0.454652,-0.753226</triangledirection>
        <trianglepickorigin>0,0,0</trianglepickorigin>
        <orientation>
          <row0>-0.875598,-0.328101,0.354508</row0>
          <row1>-0.475329,0.454652,-0.753226</row1>
          <row2>0.0859569,-0.828032,-0.554050</row2>
        </orientation>
      </transform>
      <snapped>true</snapped>
      <childlist count="3">
        <childid>11</childid>
        <childid>9</childid>
        <childid>7</childid>
      </childlist>
      <symmetric>6</symmetric>
      <handles count="1">
        <weight channel="0xf320ba37">0.231285</weight>
      </handles>
      <isasymmetric>false</isasymmetric>
    </blockref>
    <blockref>
      <blockid>0x40626000, 0x2051ae2d</blockid>
      <transform>
        <limbtype>1</limbtype>
        <musclescale>0.474999</musclescale>
        <basemusclescale>1.899999</basemusclescale>
        <scale>1</scale>
        <position>0,-0.00917675,1.741441</position>
        <triangledirection>0.342110,-0.0968893,-0.934650</triangledirection>
        <trianglepickorigin>0,0,0</trianglepickorigin>
        <orientation>
          <row0>0.365081,0.930230,0.0372002</row0>
          <row1>0.342110,-0.0968893,-0.934650</row1>
          <row2>-0.865836,0.353951,-0.353614</row2>
        </orientation>
      </transform>
      <snapped>true</snapped>
      <childlist count="2">
        <childid>17</childid>
        <childid>6</childid>
      </childlist>
      <symmetric>3</symmetric>
      <handles count="1">
        <weight channel="0xf320ba37">0.224193</weight>
      </handles>
      <isasymmetric>false</isasymmetric>
    </blockref>
    <blockref>
      <blockid>0x40626000, 0x2051ae2d</blockid>
      <transform>
        <limbtype>1</limbtype>
        <musclescale>0.349999</musclescale>
        <basemusclescale>1</basemusclescale>
        <scale>1</scale>
        <position>-0.239387,0.0586199,2.395448</position>
        <triangledirection>0.475329,0.454652,-0.753226</triangledirection>
        <trianglepickorigin>0,0,0</trianglepickorigin>
        <orientation>
          <row0>-0.875598,0.328101,-0.354508</row0>
          <row1>0.475329,0.454652,-0.753226</row1>
          <row2>-0.0859569,-0.828032,-0.554050</row2>
        </orientation>
      </transform>
      <snapped>true</snapped>
      <childlist count="3">
        <childid>12</childid>
        <childid>10</childid>
        <childid>8</childid>
      </childlist>
      <symmetric>4</symmetric>
      <handles count="1">
        <weight channel="0xf320ba37">0.231285</weight>
      </handles>
      <isasymmetric>false</isasymmetric>
    </blockref>
    <blockref>
      <blockid>0x40626000, 0xa077208c</blockid>
      <transform>
        <basemusclescale>0.599999</basemusclescale>
        <scale>1</scale>
        <position>0.581986,-0.269075,2.938345</position>
        <triangledirection>-0.475329,0.454652,-0.753226</triangledirection>
        <trianglepickorigin>0,0,0</trianglepickorigin>
        <orientation>
          <row0>0.711503,-0.304939,-0.633064</row0>
          <row1>-0.475329,0.454652,-0.753226</row1>
          <row2>0.517515,0.836839,0.178540</row2>
        </orientation>
      </transform>
      <snapped>true</snapped>
      <symmetric>8</symmetric>
      <isasymmetric>false</isasymmetric>
    </blockref>
    <blockref>
      <blockid>0x40626000, 0xa077208c</blockid>
      <transform>
        <basemusclescale>0.599999</basemusclescale>
        <scale>1</scale>
        <position>-0.581986,-0.269075,2.938345</position>
        <triangledirection>0.475329,0.454652,-0.753226</triangledirection>
        <trianglepickorigin>0,0,0</trianglepickorigin>
        <orientation>
          <row0>0.711503,0.304939,0.633064</row0>
          <row1>0.475329,0.454652,-0.753226</row1>
          <row2>-0.517515,0.836839,0.178540</row2>
        </orientation>
      </transform>
      <snapped>true</snapped>
      <symmetric>7</symmetric>
      <isasymmetric>false</isasymmetric>
    </blockref>
    <blockref>
      <blockid>0x40626000, 0x245b71fa</blockid>
      <transform>
        <scale>1.75</scale>
        <position>0.555126,-0.305043,2.939881</position>
        <triangledirection>0.486782,0.858608,-0.160727</triangledirection>
        <trianglepickorigin>0,0,0</trianglepickorigin>
        <orientation>
          <row0>0.849633,-0.508122,-0.141183</row0>
          <row1>0.486782,0.858608,-0.160727</row1>
          <row2>0.202891,0.0678348,0.976848</row2>
        </orientation>
      </transform>
      <snapped>false</snapped>
      <symmetric>10</symmetric>
      <handles count="2">
        <weight channel="0x2e6521f4">0.761322</weight>
        <weight channel="0xd02751de">1</weight>
      </handles>
      <isasymmetric>false</isasymmetric>
    </blockref>
    <blockref>
      <blockid>0x40626000, 0x245b71fa</blockid>
      <transform>
        <scale>1.75</scale>
        <position>-0.555126,-0.305043,2.939881</position>
        <triangledirection>-0.486782,0.858608,-0.160727</triangledirection>
        <trianglepickorigin>0,0,0</trianglepickorigin>
        <orientation>
          <row0>0.849633,0.508122,0.141183</row0>
          <row1>-0.486782,0.858608,-0.160727</row1>
          <row2>-0.202891,0.0678348,0.976848</row2>
        </orientation>
      </transform>
      <snapped>false</snapped>
      <symmetric>9</symmetric>
      <handles count="2">
        <weight channel="0x2e6521f4">0.761322</weight>
        <weight channel="0xd02751de">1</weight>
      </handles>
      <isasymmetric>false</isasymmetric>
    </blockref>
    <blockref>
      <blockid>0x40626000, 0x245b71fa</blockid>
      <transform>
        <scale>1.75</scale>
        <position>0.629769,-0.287609,2.936162</position>
        <triangledirection>-0.932671,0.316942,0.172248</triangledirection>
        <trianglepickorigin>0,0,0</trianglepickorigin>
        <orientation>
          <row0>0.208357,0.863126,-0.459996</row0>
          <row1>-0.932671,0.316942,0.172248</row1>
          <row2>0.294465,0.393137,0.871052</row2>
        </orientation>
      </transform>
      <snapped>false</snapped>
      <symmetric>12</symmetric>
      <handles count="2">
        <weight channel="0x2e6521f4">0.504598</weight>
        <weight channel="0xd02751de">1</weight>
      </handles>
      <isasymmetric>false</isasymmetric>
    </blockref>
    <blockref>
      <blockid>0x40626000, 0x245b71fa</blockid>
      <transform>
        <scale>1.75</scale>
        <position>-0.629769,-0.287609,2.936162</position>
        <triangledirection>0.932672,0.316942,0.172248</triangledirection>
        <trianglepickorigin>0,0,0</trianglepickorigin>
        <orientation>
          <row0>0.208355,-0.863126,0.459996</row0>
          <row1>0.932672,0.316942,0.172248</row1>
          <row2>-0.294465,0.393137,0.871052</row2>
        </orientation>
      </transform>
      <snapped>false</snapped>
      <symmetric>11</symmetric>
      <handles count="2">
        <weight channel="0x2e6521f4">0.504598</weight>
        <weight channel="0xd02751de">1</weight>
      </handles>
      <isasymmetric>false</isasymmetric>
    </blockref>
    <blockref>
      <blockid>0x40626000, 0x2051ae2d</blockid>
      <transform>
        <limbtype>1</limbtype>
        <musclescale>0.349999</musclescale>
        <basemusclescale>1</basemusclescale>
        <scale>1</scale>
        <position>0.239387,0.0586199,2.395448</position>
        <triangledirection>-0.657669,-0.381601,-0.649498</triangledirection>
        <trianglepickorigin>0,0,0</trianglepickorigin>
        <orientation>
          <row0>0.593683,-0.793281,-0.135071</row0>
          <row1>-0.657669,-0.381601,-0.649498</row1>
          <row2>0.463690,0.474429,-0.748268</row2>
        </orientation>
      </transform>
      <snapped>true</snapped>
      <childlist count="3">
        <childid>16</childid>
        <childid>15</childid>
        <childid>14</childid>
      </childlist>
      <symmetric>17</symmetric>
      <handles count="1">
        <weight channel="0xf320ba37">0.162918</weight>
      </handles>
      <isasymmetric>false</isasymmetric>
    </blockref>
    <blockref>
      <blockid>0x40626000, 0xa077208c</blockid>
      <transform>
        <basemusclescale>0.599999</basemusclescale>
        <scale>1</scale>
        <position>0.580097,0.256312,2.731926</position>
        <triangledirection>-0.657669,-0.381603,-0.649498</triangledirection>
        <trianglepickorigin>0,0,0</trianglepickorigin>
        <orientation>
          <row0>-0.691873,0.647020,0.320428</row0>
          <row1>-0.657669,-0.381603,-0.649498</row1>
          <row2>-0.297962,-0.660107,0.689547</row2>
        </orientation>
      </transform>
      <snapped>true</snapped>
      <symmetric>18</symmetric>
      <isasymmetric>false</isasymmetric>
    </blockref>
    <blockref>
      <blockid>0x40626000, 0x245b71fa</blockid>
      <transform>
        <scale>1.75</scale>
        <position>0.615972,0.241788,2.709376</position>
        <triangledirection>-0.907266,0.224727,0.355475</triangledirection>
        <trianglepickorigin>0,0,0</trianglepickorigin>
        <orientation>
          <row0>0.240429,0.970665,-9.01520e-7</row0>
          <row1>-0.907266,0.224727,0.355475</row1>
          <row2>0.345048,-0.0854661,0.934684</row2>
        </orientation>
      </transform>
      <snapped>false</snapped>
      <symmetric>19</symmetric>
      <handles count="2">
        <weight channel="0x2e6521f4">0.761322</weight>
        <weight channel="0xd02751de">1</weight>
      </handles>
      <isasymmetric>false</isasymmetric>
    </blockref>
    <blockref>
      <blockid>0x40626000, 0x245b71fa</blockid>
      <transform>
        <scale>1.75</scale>
        <position>0.581928,0.303176,2.735168</position>
        <triangledirection>-0.0447698,-0.996253,-0.0739950</triangledirection>
        <trianglepickorigin>0,0,0</trianglepickorigin>
        <orientation>
          <row0>-0.998991,0.0448928,-1.00511e-6</row0>
          <row1>-0.0447698,-0.996253,-0.0739950</row1>
          <row2>-0.00332285,-0.0739205,0.997258</row2>
        </orientation>
      </transform>
      <snapped>false</snapped>
      <symmetric>20</symmetric>
      <handles count="2">
        <weight channel="0x2e6521f4">0.504598</weight>
        <weight channel="0xd02751de">1</weight>
      </handles>
      <isasymmetric>false</isasymmetric>
    </blockref>
    <blockref>
      <blockid>0x40626000, 0x2051ae2d</blockid>
      <transform>
        <limbtype>1</limbtype>
        <musclescale>0.349999</musclescale>
        <basemusclescale>1</basemusclescale>
        <scale>1</scale>
        <position>-0.239387,0.0586199,2.395448</position>
        <triangledirection>0.657669,-0.381601,-0.649498</triangledirection>
        <trianglepickorigin>0,0,0</trianglepickorigin>
        <orientation>
          <row0>0.593683,0.793281,0.135071</row0>
          <row1>0.657669,-0.381601,-0.649498</row1>
          <row2>-0.463690,0.474429,-0.748268</row2>
        </orientation>
      </transform>
      <snapped>true</snapped>
      <childlist count="3">
        <childid>20</childid>
        <childid>19</childid>
        <childid>18</childid>
      </childlist>
      <symmetric>13</symmetric>
      <handles count="1">
        <weight channel="0xf320ba37">0.162918</weight>
      </handles>
      <isasymmetric>false</isasymmetric>
    </blockref>
    <blockref>
      <blockid>0x40626000, 0xa077208c</blockid>
      <transform>
        <basemusclescale>0.599999</basemusclescale>
        <scale>1</scale>
        <position>-0.580097,0.256312,2.731926</position>
        <triangledirection>0.657669,-0.381603,-0.649498</triangledirection>
        <trianglepickorigin>0,0,0</trianglepickorigin>
        <orientation>
          <row0>-0.691873,-0.647020,-0.320428</row0>
          <row1>0.657669,-0.381603,-0.649498</row1>
          <row2>0.297962,-0.660107,0.689547</row2>
        </orientation>
      </transform>
      <snapped>true</snapped>
      <symmetric>14</symmetric>
      <isasymmetric>false</isasymmetric>
    </blockref>
    <blockref>
      <blockid>0x40626000, 0x245b71fa</blockid>
      <transform>
        <scale>1.75</scale>
        <position>-0.615972,0.241788,2.709376</position>
        <triangledirection>0.907266,0.224727,0.355475</triangledirection>
        <trianglepickorigin>0,0,0</trianglepickorigin>
        <orientation>
          <row0>0.240429,-0.970665,9.01520e-7</row0>
          <row1>0.907266,0.224727,0.355475</row1>
          <row2>-0.345048,-0.0854661,0.934684</row2>
        </orientation>
      </transform>
      <snapped>false</snapped>
      <symmetric>15</symmetric>
      <handles count="2">
        <weight channel="0x2e6521f4">0.761322</weight>
        <weight channel="0xd02751de">1</weight>
      </handles>
      <isasymmetric>false</isasymmetric>
    </blockref>
    <blockref>
      <blockid>0x40626000, 0x245b71fa</blockid>
      <transform>
        <scale>1.75</scale>
        <position>-0.581928,0.303176,2.735168</position>
        <triangledirection>0.0447698,-0.996253,-0.0739950</triangledirection>
        <trianglepickorigin>0,0,0</trianglepickorigin>
        <orientation>
          <row0>-0.998991,-0.0448928,1.00511e-6</row0>
          <row1>0.0447698,-0.996253,-0.0739950</row1>
          <row2>0.00332285,-0.0739205,0.997258</row2>
        </orientation>
      </transform>
      <snapped>false</snapped>
      <symmetric>16</symmetric>
      <handles count="2">
        <weight channel="0x2e6521f4">0.504598</weight>
        <weight channel="0xd02751de">1</weight>
      </handles>
      <isasymmetric>false</isasymmetric>
    </blockref>
    <blockref>
      <blockid>0x40626000, 0xd621ad4b</blockid>
      <transform>
        <limbtype>1</limbtype>
        <musclescale>1</musclescale>
        <basemusclescale>2.349997</basemusclescale>
        <scale>1</scale>
        <position>0,0.213413,0.995437</position>
        <triangledirection>0.397159,-0.592127,-0.701175</triangledirection>
        <trianglepickorigin>0,0,0</trianglepickorigin>
        <orientation>
          <row0>-0.917748,-0.256244,-0.303436</row0>
          <row1>0.397159,-0.592127,-0.701175</row1>
          <row2>-7.15401e-8,-0.764016,0.645195</row2>
        </orientation>
      </transform>
      <snapped>false</snapped>
      <childlist count="2">
        <childid>58</childid>
        <childid>31</childid>
      </childlist>
      <symmetric>40</symmetric>
      <handles count="1">
        <weight channel="0xf320ba37">0.185634</weight>
      </handles>
      <isasymmetric>false</isasymmetric>
    </blockref>
    <blockref>
      <blockid>0x40626000, 0x2051ae2d</blockid>
      <transform>
        <limbtype>1</limbtype>
        <musclescale>0.474999</musclescale>
        <basemusclescale>1.549998</basemusclescale>
        <scale>1</scale>
        <position>0.232499,0.560050,1.405910</position>
        <triangledirection>0.0409168,0.0129054,-0.999078</triangledirection>
        <trianglepickorigin>0,0,0</trianglepickorigin>
        <orientation>
          <row0>-0.815725,0.577854,-0.0259434</row0>
          <row1>0.0409168,0.0129054,-0.999078</row1>
          <row2>-0.576987,-0.816036,-0.0341712</row2>
        </orientation>
      </transform>
      <snapped>true</snapped>
      <childlist count="2">
        <childid>27</childid>
        <childid>23</childid>
      </childlist>
      <symmetric>31</symmetric>
      <handles count="1">
        <weight channel="0xf320ba37">0.172831</weight>
      </handles>
      <isasymmetric>false</isasymmetric>
    </blockref>
    <blockref>
      <blockid>0x40626000, 0x2051ae2d</blockid>
      <transform>
        <limbtype>1</limbtype>
        <musclescale>0.349999</musclescale>
        <basemusclescale>0.749997</basemusclescale>
        <scale>1</scale>
        <position>0.210098,0.552985,1.952855</position>
        <triangledirection>-0.520596,0.497949,-0.693557</triangledirection>
        <trianglepickorigin>0,0,0</trianglepickorigin>
        <orientation>
          <row0>-0.664663,-0.746232,-0.0368601</row0>
          <row1>-0.520596,0.497949,-0.693557</row1>
          <row2>0.535911,-0.441792,-0.719456</row2>
        </orientation>
      </transform>
      <snapped>true</snapped>
      <childlist count="3">
        <childid>26</childid>
        <childid>25</childid>
        <childid>24</childid>
      </childlist>
      <symmetric>32</symmetric>
      <handles count="1">
        <weight channel="0xf320ba37">0.210149</weight>
      </handles>
      <isasymmetric>false</isasymmetric>
    </blockref>
    <blockref>
      <blockid>0x40626000, 0xa077208c</blockid>
      <transform>
        <basemusclescale>0.599999</basemusclescale>
        <scale>1</scale>
        <position>0.552699,0.225288,2.409281</position>
        <triangledirection>-0.520596,0.497949,-0.693557</triangledirection>
        <trianglepickorigin>0,0,0</trianglepickorigin>
        <orientation>
          <row0>0.794201,-0.0157503,-0.607450</row0>
          <row1>-0.520596,0.497949,-0.693557</row1>
          <row2>0.313403,0.867061,0.387273</row2>
        </orientation>
      </transform>
      <snapped>true</snapped>
      <symmetric>33</symmetric>
      <isasymmetric>false</isasymmetric>
    </blockref>
    <blockref>
      <blockid>0x40626000, 0x245b71fa</blockid>
      <transform>
        <scale>1.75</scale>
        <position>0.545388,0.184608,2.391810</position>
        <triangledirection>0.0517597,0.966525,0.251293</triangledirection>
        <trianglepickorigin>0,0,0</trianglepickorigin>
        <orientation>
          <row0>0.998618,-0.0478001,-0.0218397</row0>
          <row1>0.0517597,0.966525,0.251293</row1>
          <row2>0.00909695,-0.252075,0.967664</row2>
        </orientation>
      </transform>
      <snapped>false</snapped>
      <symmetric>34</symmetric>
      <handles count="2">
        <weight channel="0x2e6521f4">0.761322</weight>
        <weight channel="0xd02751de">1</weight>
      </handles>
      <isasymmetric>false</isasymmetric>
    </blockref>
    <blockref>
      <blockid>0x40626000, 0x245b71fa</blockid>
      <transform>
        <scale>1.75</scale>
        <position>0.602077,0.230010,2.414443</position>
        <triangledirection>-0.987285,-0.155947,-0.0307918</triangledirection>
        <trianglepickorigin>0,0,0</trianglepickorigin>
        <orientation>
          <row0>-0.152072,0.983021,-0.102673</row0>
          <row1>-0.987285,-0.155947,-0.0307918</row1>
          <row2>-0.0462809,0.0966856,0.994238</row2>
        </orientation>
      </transform>
      <snapped>false</snapped>
      <symmetric>35</symmetric>
      <handles count="2">
        <weight channel="0x2e6521f4">0.504598</weight>
        <weight channel="0xd02751de">1</weight>
      </handles>
      <isasymmetric>false</isasymmetric>
    </blockref>
    <blockref>
      <blockid>0x40626000, 0x2051ae2d</blockid>
      <transform>
        <limbtype>1</limbtype>
        <musclescale>0.349999</musclescale>
        <basemusclescale>0.749997</basemusclescale>
        <scale>1</scale>
        <position>0.210098,0.552985,1.952855</position>
        <triangledirection>-0.657669,-0.381603,-0.649498</triangledirection>
        <trianglepickorigin>0,0,0</trianglepickorigin>
        <orientation>
          <row0>0.495144,-0.868763,0.00905636</row0>
          <row1>-0.657669,-0.381603,-0.649498</row1>
          <row2>0.567717,0.315638,-0.760308</row2>
        </orientation>
      </transform>
      <snapped>true</snapped>
      <childlist count="3">
        <childid>30</childid>
        <childid>29</childid>
        <childid>28</childid>
      </childlist>
      <symmetric>36</symmetric>
      <handles count="1">
        <weight channel="0xf320ba37">0.162919</weight>
      </handles>
      <isasymmetric>false</isasymmetric>
    </blockref>
    <blockref>
      <blockid>0x40626000, 0xa077208c</blockid>
      <transform>
        <basemusclescale>0.599999</basemusclescale>
        <scale>1</scale>
        <position>0.550809,0.750678,2.289334</position>
        <triangledirection>-0.657669,-0.381603,-0.649498</triangledirection>
        <trianglepickorigin>0,0,0</trianglepickorigin>
        <orientation>
          <row0>-0.691874,0.647019,0.320430</row0>
          <row1>-0.657669,-0.381603,-0.649498</row1>
          <row2>-0.297960,-0.660108,0.689545</row2>
        </orientation>
      </transform>
      <snapped>true</snapped>
      <symmetric>37</symmetric>
      <isasymmetric>false</isasymmetric>
    </blockref>
    <blockref>
      <blockid>0x40626000, 0x245b71fa</blockid>
      <transform>
        <scale>1.75</scale>
        <position>0.585929,0.729227,2.271635</position>
        <triangledirection>-0.892234,0.374581,0.252198</triangledirection>
        <trianglepickorigin>0,0,0</trianglepickorigin>
        <orientation>
          <row0>0.361750,0.927182,-0.0973016</row0>
          <row1>-0.892234,0.374581,0.252198</row1>
          <row2>0.270282,-0.00441775,0.962769</row2>
        </orientation>
      </transform>
      <snapped>false</snapped>
      <symmetric>38</symmetric>
      <handles count="2">
        <weight channel="0x2e6521f4">0.761322</weight>
        <weight channel="0xd02751de">1</weight>
      </handles>
      <isasymmetric>false</isasymmetric>
    </blockref>
    <blockref>
      <blockid>0x40626000, 0x245b71fa</blockid>
      <transform>
        <scale>1.75</scale>
        <position>0.558394,0.797029,2.287067</position>
        <triangledirection>-0.166576,-0.985099,0.0427918</triangledirection>
        <trianglepickorigin>0,0,0</trianglepickorigin>
        <orientation>
          <row0>-0.983012,0.162518,-0.0852933</row0>
          <row1>-0.166576,-0.985099,0.0427918</row1>
          <row2>-0.0770677,0.0562729,0.995436</row2>
        </orientation>
      </transform>
      <snapped>false</snapped>
      <symmetric>39</symmetric>
      <handles count="2">
        <weight channel="0x2e6521f4">0.504598</weight>
        <weight channel="0xd02751de">1</weight>
      </handles>
      <isasymmetric>false</isasymmetric>
    </blockref>
    <blockref>
      <blockid>0x40626000, 0x2051ae2d</blockid>
      <transform>
        <limbtype>1</limbtype>
        <musclescale>0.474999</musclescale>
        <basemusclescale>1.549998</basemusclescale>
        <scale>1</scale>
        <position>-0.232499,0.560050,1.405910</position>
        <triangledirection>-0.0409168,0.0129054,-0.999078</triangledirection>
        <trianglepickorigin>0,0,0</trianglepickorigin>
        <orientation>
          <row0>-0.815725,-0.577854,0.0259434</row0>
          <row1>-0.0409168,0.0129054,-0.999078</row1>
          <row2>0.576987,-0.816036,-0.0341712</row2>
        </orientation>
      </transform>
      <snapped>true</snapped>
      <childlist count="2">
        <childid>36</childid>
        <childid>32</childid>
      </childlist>
      <symmetric>22</symmetric>
      <handles count="1">
        <weight channel="0xf320ba37">0.172831</weight>
      </handles>
      <isasymmetric>false</isasymmetric>
    </blockref>
    <blockref>
      <blockid>0x40626000, 0x2051ae2d</blockid>
      <transform>
        <limbtype>1</limbtype>
        <musclescale>0.349999</musclescale>
        <basemusclescale>0.749997</basemusclescale>
        <scale>1</scale>
        <position>-0.210098,0.552985,1.952855</position>
        <triangledirection>0.520596,0.497949,-0.693557</triangledirection>
        <trianglepickorigin>0,0,0</trianglepickorigin>
        <orientation>
          <row0>-0.664663,0.746232,0.0368601</row0>
          <row1>0.520596,0.497949,-0.693557</row1>
          <row2>-0.535911,-0.441792,-0.719456</row2>
        </orientation>
      </transform>
      <snapped>true</snapped>
      <childlist count="3">
        <childid>35</childid>
        <childid>34</childid>
        <childid>33</childid>
      </childlist>
      <symmetric>23</symmetric>
      <handles count="1">
        <weight channel="0xf320ba37">0.210149</weight>
      </handles>
      <isasymmetric>false</isasymmetric>
    </blockref>
    <blockref>
      <blockid>0x40626000, 0xa077208c</blockid>
      <transform>
        <basemusclescale>0.599999</basemusclescale>
        <scale>1</scale>
        <position>-0.552699,0.225288,2.409281</position>
        <triangledirection>0.520596,0.497949,-0.693557</triangledirection>
        <trianglepickorigin>0,0,0</trianglepickorigin>
        <orientation>
          <row0>0.794201,0.0157503,0.607450</row0>
          <row1>0.520596,0.497949,-0.693557</row1>
          <row2>-0.313403,0.867061,0.387273</row2>
        </orientation>
      </transform>
      <snapped>true</snapped>
      <symmetric>24</symmetric>
      <isasymmetric>false</isasymmetric>
    </blockref>
    <blockref>
      <blockid>0x40626000, 0x245b71fa</blockid>
      <transform>
        <scale>1.75</scale>
        <position>-0.545388,0.184608,2.391810</position>
        <triangledirection>-0.0517597,0.966525,0.251293</triangledirection>
        <trianglepickorigin>0,0,0</trianglepickorigin>
        <orientation>
          <row0>0.998618,0.0478001,0.0218397</row0>
          <row1>-0.0517597,0.966525,0.251293</row1>
          <row2>-0.00909699,-0.252075,0.967664</row2>
        </orientation>
      </transform>
      <snapped>false</snapped>
      <symmetric>25</symmetric>
      <handles count="2">
        <weight channel="0x2e6521f4">0.761322</weight>
        <weight channel="0xd02751de">1</weight>
      </handles>
      <isasymmetric>false</isasymmetric>
    </blockref>
    <blockref>
      <blockid>0x40626000, 0x245b71fa</blockid>
      <transform>
        <scale>1.75</scale>
        <position>-0.602077,0.230010,2.414443</position>
        <triangledirection>0.987285,-0.155947,-0.0307919</triangledirection>
        <trianglepickorigin>0,0,0</trianglepickorigin>
        <orientation>
          <row0>-0.152072,-0.983021,0.102673</row0>
          <row1>0.987285,-0.155947,-0.0307919</row1>
          <row2>0.0462810,0.0966854,0.994238</row2>
        </orientation>
      </transform>
      <snapped>false</snapped>
      <symmetric>26</symmetric>
      <handles count="2">
        <weight channel="0x2e6521f4">0.504598</weight>
        <weight channel="0xd02751de">1</weight>
      </handles>
      <isasymmetric>false</isasymmetric>
    </blockref>
    <blockref>
      <blockid>0x40626000, 0x2051ae2d</blockid>
      <transform>
        <limbtype>1</limbtype>
        <musclescale>0.349999</musclescale>
        <basemusclescale>0.749997</basemusclescale>
        <scale>1</scale>
        <position>-0.210098,0.552985,1.952855</position>
        <triangledirection>0.657669,-0.381603,-0.649498</triangledirection>
        <trianglepickorigin>0,0,0</trianglepickorigin>
        <orientation>
          <row0>0.495144,0.868763,-0.00905636</row0>
          <row1>0.657669,-0.381603,-0.649498</row1>
          <row2>-0.567717,0.315638,-0.760308</row2>
        </orientation>
      </transform>
      <snapped>true</snapped>
      <childlist count="3">
        <childid>39</childid>
        <childid>38</childid>
        <childid>37</childid>
      </childlist>
      <symmetric>27</symmetric>
      <handles count="1">
        <weight channel="0xf320ba37">0.162919</weight>
      </handles>
      <isasymmetric>false</isasymmetric>
    </blockref>
    <blockref>
      <blockid>0x40626000, 0xa077208c</blockid>
      <transform>
        <basemusclescale>0.599999</basemusclescale>
        <scale>1</scale>
        <position>-0.550809,0.750678,2.289334</position>
        <triangledirection>0.657669,-0.381603,-0.649498</triangledirection>
        <trianglepickorigin>0,0,0</trianglepickorigin>
        <orientation>
          <row0>-0.691874,-0.647019,-0.320430</row0>
          <row1>0.657669,-0.381603,-0.649498</row1>
          <row2>0.297960,-0.660108,0.689545</row2>
        </orientation>
      </transform>
      <snapped>true</snapped>
      <symmetric>28</symmetric>
      <isasymmetric>false</isasymmetric>
    </blockref>
    <blockref>
      <blockid>0x40626000, 0x245b71fa</blockid>
      <transform>
        <scale>1.75</scale>
        <position>-0.585929,0.729227,2.271635</position>
        <triangledirection>0.892234,0.374581,0.252198</triangledirection>
        <trianglepickorigin>0,0,0</trianglepickorigin>
        <orientation>
          <row0>0.361750,-0.927182,0.0973016</row0>
          <row1>0.892234,0.374581,0.252198</row1>
          <row2>-0.270282,-0.00441768,0.962769</row2>
        </orientation>
      </transform>
      <snapped>false</snapped>
      <symmetric>29</symmetric>
      <handles count="2">
        <weight channel="0x2e6521f4">0.761322</weight>
        <weight channel="0xd02751de">1</weight>
      </handles>
      <isasymmetric>false</isasymmetric>
    </blockref>
    <blockref>
      <blockid>0x40626000, 0x245b71fa</blockid>
      <transform>
        <scale>1.75</scale>
        <position>-0.558394,0.797029,2.287067</position>
        <triangledirection>0.166576,-0.985099,0.0427918</triangledirection>
        <trianglepickorigin>0,0,0</trianglepickorigin>
        <orientation>
          <row0>-0.983012,-0.162518,0.0852932</row0>
          <row1>0.166576,-0.985099,0.0427918</row1>
          <row2>0.0770677,0.0562729,0.995436</row2>
        </orientation>
      </transform>
      <snapped>false</snapped>
      <symmetric>30</symmetric>
      <handles count="2">
        <weight channel="0x2e6521f4">0.504598</weight>
        <weight channel="0xd02751de">1</weight>
      </handles>
      <isasymmetric>false</isasymmetric>
    </blockref>
    <blockref>
      <blockid>0x40626000, 0xd621ad4b</blockid>
      <transform>
        <limbtype>1</limbtype>
        <musclescale>1</musclescale>
        <basemusclescale>2.349997</basemusclescale>
        <scale>1</scale>
        <position>0,0.213413,0.995437</position>
        <triangledirection>-0.397159,-0.592127,-0.701175</triangledirection>
        <trianglepickorigin>0,0,0</trianglepickorigin>
        <orientation>
          <row0>-0.917748,0.256244,0.303436</row0>
          <row1>-0.397159,-0.592127,-0.701175</row1>
          <row2>6.52395e-8,-0.764016,0.645195</row2>
        </orientation>
      </transform>
      <snapped>false</snapped>
      <childlist count="2">
        <childid>62</childid>
        <childid>22</childid>
      </childlist>
      <symmetric>21</symmetric>
      <handles count="1">
        <weight channel="0xf320ba37">0.185634</weight>
      </handles>
      <isasymmetric>false</isasymmetric>
    </blockref>
    <blockref>
      <blockid>0x40626000, 0x2051ae2d</blockid>
      <transform>
        <limbtype>1</limbtype>
        <musclescale>0.474999</musclescale>
        <basemusclescale>1.899999</basemusclescale>
        <scale>1</scale>
        <position>0,-0.00917675,1.741441</position>
        <triangledirection>0,0.817532,-0.575882</triangledirection>
        <trianglepickorigin>0,0,0</trianglepickorigin>
        <orientation>
          <row0>-1,0,0</row0>
          <row1>0,0.817532,-0.575882</row1>
          <row2>0,-0.575882,-0.817532</row2>
        </orientation>
      </transform>
      <snapped>true</snapped>
      <childlist count="2">
        <childid>46</childid>
        <childid>42</childid>
      </childlist>
      <handles count="1">
        <weight channel="0xf320ba37">0.282902</weight>
      </handles>
      <isasymmetric>false</isasymmetric>
    </blockref>
    <blockref>
      <blockid>0x40626000, 0x2051ae2d</blockid>
      <transform>
        <limbtype>1</limbtype>
        <musclescale>0.349999</musclescale>
        <basemusclescale>1</basemusclescale>
        <scale>1</scale>
        <position>0,-0.723542,2.244653</position>
        <triangledirection>0.293947,0.749558,-0.593088</triangledirection>
        <trianglepickorigin>0,0,0</trianglepickorigin>
        <orientation>
          <row0>0.178126,0.566672,0.804458</row0>
          <row1>0.293947,0.749558,-0.593088</row1>
          <row2>-0.939076,0.342114,-0.0330567</row2>
        </orientation>
      </transform>
      <snapped>true</snapped>
      <childlist count="3">
        <childid>45</childid>
        <childid>44</childid>
        <childid>43</childid>
      </childlist>
      <symmetric>46</symmetric>
      <handles count="1">
        <weight channel="0xf320ba37">0.200895</weight>
      </handles>
      <isasymmetric>false</isasymmetric>
    </blockref>
    <blockref>
      <blockid>0x40626000, 0xa077208c</blockid>
      <transform>
        <basemusclescale>0.599999</basemusclescale>
        <scale>1</scale>
        <position>-0.185380,-1.196257,2.618690</position>
        <triangledirection>0.293949,0.749558,-0.593088</triangledirection>
        <trianglepickorigin>0,0,0</trianglepickorigin>
        <orientation>
          <row0>0.480646,0.420423,0.769559</row0>
          <row1>0.293949,0.749558,-0.593088</row1>
          <row2>-0.826179,0.511277,0.236689</row2>
        </orientation>
      </transform>
      <snapped>true</snapped>
      <symmetric>47</symmetric>
      <isasymmetric>false</isasymmetric>
    </blockref>
    <blockref>
      <blockid>0x40626000, 0x245b71fa</blockid>
      <transform>
        <scale>1.75</scale>
        <position>-0.222248,-1.204944,2.593230</position>
        <triangledirection>0.844922,0.329140,0.421629</triangledirection>
        <trianglepickorigin>0,0,0</trianglepickorigin>
        <orientation>
          <row0>0.399170,-0.912698,-0.0874245</row0>
          <row1>0.844922,0.329140,0.421629</row1>
          <row2>-0.356045,-0.242168,0.902543</row2>
        </orientation>
      </transform>
      <snapped>false</snapped>
      <symmetric>48</symmetric>
      <handles count="2">
        <weight channel="0x2e6521f4">0.761322</weight>
        <weight channel="0xd02751de">1</weight>
      </handles>
      <isasymmetric>false</isasymmetric>
    </blockref>
    <blockref>
      <blockid>0x40626000, 0x245b71fa</blockid>
      <transform>
        <scale>1.75</scale>
        <position>-0.205862,-1.187837,2.662708</position>
        <triangledirection>0.408064,-0.245258,-0.879392</triangledirection>
        <trianglepickorigin>0,0,0</trianglepickorigin>
        <orientation>
          <row0>-0.715080,-0.684702,-0.140857</row0>
          <row1>0.408064,-0.245258,-0.879392</row1>
          <row2>0.567575,-0.686315,0.454782</row2>
        </orientation>
      </transform>
      <snapped>false</snapped>
      <symmetric>49</symmetric>
      <handles count="2">
        <weight channel="0x2e6521f4">0.504598</weight>
        <weight channel="0xd02751de">1</weight>
      </handles>
      <isasymmetric>false</isasymmetric>
    </blockref>
    <blockref>
      <blockid>0x40626000, 0x2051ae2d</blockid>
      <transform>
        <limbtype>1</limbtype>
        <musclescale>0.349999</musclescale>
        <basemusclescale>1</basemusclescale>
        <scale>1</scale>
        <position>0,-0.723542,2.244653</position>
        <triangledirection>-0.293947,0.749558,-0.593088</triangledirection>
        <trianglepickorigin>0,0,0</trianglepickorigin>
        <orientation>
          <row0>0.178126,-0.566672,-0.804458</row0>
          <row1>-0.293947,0.749558,-0.593088</row1>
          <row2>0.939076,0.342114,-0.0330567</row2>
        </orientation>
      </transform>
      <snapped>true</snapped>
      <childlist count="3">
        <childid>49</childid>
        <childid>48</childid>
        <childid>47</childid>
      </childlist>
      <symmetric>42</symmetric>
      <handles count="1">
        <weight channel="0xf320ba37">0.200895</weight>
      </handles>
      <isasymmetric>false</isasymmetric>
    </blockref>
    <blockref>
      <blockid>0x40626000, 0xa077208c</blockid>
      <transform>
        <basemusclescale>0.599999</basemusclescale>
        <scale>1</scale>
        <position>0.185380,-1.196257,2.618690</position>
