<?xml version="1.0" encoding="UTF-8"?><sporemodel>
  <formatversion>18</formatversion>
  <properties>
    <modeltype>0x4178b8e8</modeltype>
    <skineffect1>0x23f9b700</skineffect1>
    <skineffect2>0xfaf08f43</skineffect2>
    <skineffect3>0xdd5391a5</skineffect3>
    <skineffectseed1>1234</skineffectseed1>
    <skineffectseed2>1234</skineffectseed2>
    <skineffectseed3>1234</skineffectseed3>
    <skincolor1>0.321568,0.333332,0.443136</skincolor1>
    <skincolor2>0.694117,0.603920,0.411763</skincolor2>
    <skincolor3>0.972549,0.749019,0.262744</skincolor3>
    <zcorpscore>0</zcorpscore>
  </properties>
  <blocks count="40">
    <blockref>
      <blockid>0x40626000, 0xd05c53a3</blockid>
      <transform>
        <scale>0.846733</scale>
        <position>0,0.237259,0.932693</position>
        <triangledirection>0,0.0783502,-0.996924</triangledirection>
        <trianglepickorigin>0,0,0</trianglepickorigin>
        <orientation>
          <row0>1,0,0</row0>
          <row1>0,0.0783502,-0.996924</row1>
          <row2>0,0.996924,0.0783502</row2>
        </orientation>
      </transform>
      <snapped>false</snapped>
      <childlist count="1">
        <childid>1</childid>
      </childlist>
      <isasymmetric>false</isasymmetric>
    </blockref>
    <blockref>
      <blockid>0x40626000, 0xd05c53a3</blockid>
      <transform>
        <scale>1.158792</scale>
        <position>0,0.244405,0.821614</position>
        <triangledirection>0,0.0500345,-0.998746</triangledirection>
        <trianglepickorigin>0,0,0</trianglepickorigin>
        <orientation>
          <row0>1,0,0</row0>
          <row1>0,0.0500345,-0.998746</row1>
          <row2>0,0.998746,0.0500345</row2>
        </orientation>
      </transform>
      <snapped>false</snapped>
      <childlist count="3">
        <childid>22</childid>
        <childid>10</childid>
        <childid>8</childid>
      </childlist>
      <isasymmetric>false</isasymmetric>
    </blockref>
    <blockref>
      <blockid>0x40626000, 0xd05c53a3</blockid>
      <transform>
        <scale>0.931463</scale>
        <position>0,0.214551,1.037636</position>
        <triangledirection>0,0.340813,-0.940129</triangledirection>
        <trianglepickorigin>0,0,0</trianglepickorigin>
        <orientation>
          <row0>1,0,0</row0>
          <row1>0,0.340813,-0.940129</row1>
          <row2>0,0.940129,0.340813</row2>
        </orientation>
      </transform>
      <snapped>false</snapped>
      <childlist count="2">
        <childid>36</childid>
        <childid>0</childid>
      </childlist>
      <isasymmetric>false</isasymmetric>
    </blockref>
    <blockref>
      <blockid>0x40626000, 0xd05c53a3</blockid>
      <transform>
        <scale>0.838298</scale>
        <position>0,0.162149,1.129708</position>
        <triangledirection>0,0.634253,-0.773123</triangledirection>
        <trianglepickorigin>0,0,0</trianglepickorigin>
        <orientation>
          <row0>1,0,0</row0>
          <row1>0,0.634253,-0.773123</row1>
          <row2>0,0.773123,0.634253</row2>
        </orientation>
      </transform>
      <snapped>false</snapped>
      <childlist count="3">
        <childid>14</childid>
        <childid>12</childid>
        <childid>2</childid>
      </childlist>
      <isasymmetric>false</isasymmetric>
    </blockref>
    <blockref>
      <blockid>0x40626000, 0xd05c53a3</blockid>
      <transform>
        <scale>0.634041</scale>
        <position>0,0.0809009,1.195122</position>
        <triangledirection>0,0.890690,-0.454607</triangledirection>
        <trianglepickorigin>0,0,0</trianglepickorigin>
        <orientation>
          <row0>1,0,0</row0>
          <row1>0,0.890690,-0.454607</row1>
          <row2>0,0.454607,0.890690</row2>
        </orientation>
      </transform>
      <snapped>false</snapped>
      <childlist count="1">
        <childid>3</childid>
      </childlist>
      <isasymmetric>false</isasymmetric>
    </blockref>
    <blockref>
      <blockid>0x40626000, 0xd05c53a3</blockid>
      <transform>
        <scale>0.618149</scale>
        <position>0,-0.0202612,1.227023</position>
        <triangledirection>0,0.990348,-0.138588</triangledirection>
        <trianglepickorigin>0,0,0</trianglepickorigin>
        <orientation>
          <row0>1,0,0</row0>
          <row1>0,0.990350,-0.138588</row1>
          <row2>0,0.138588,0.990350</row2>
        </orientation>
      </transform>
      <snapped>false</snapped>
      <childlist count="1">
        <childid>4</childid>
      </childlist>
      <isasymmetric>false</isasymmetric>
    </blockref>
    <blockref>
      <blockid>0x40626000, 0xd05c53a3</blockid>
      <transform>
        <scale>0.383652</scale>
        <position>0,-0.125495,1.222357</position>
        <triangledirection>0,0.974192,0.225718</triangledirection>
        <trianglepickorigin>0,0,0</trianglepickorigin>
        <orientation>
          <row0>1,0,0</row0>
          <row1>0,0.974192,0.225718</row1>
          <row2>0,-0.225718,0.974192</row2>
        </orientation>
      </transform>
      <snapped>false</snapped>
      <childlist count="1">
        <childid>5</childid>
      </childlist>
      <isasymmetric>false</isasymmetric>
    </blockref>
    <blockref>
      <blockid>0x40626000, 0xd05c53a3</blockid>
      <transform>
        <scale>0.349929</scale>
        <position>0,-0.235699,1.200399</position>
        <triangledirection>0,0.986311,0.164884</triangledirection>
        <trianglepickorigin>0,0,0</trianglepickorigin>
        <orientation>
          <row0>1,0,0</row0>
          <row1>0,0.986311,0.164884</row1>
          <row2>0,-0.164884,0.986311</row2>
        </orientation>
      </transform>
      <snapped>false</snapped>
      <childlist count="2">
        <childid>16</childid>
        <childid>6</childid>
      </childlist>
      <isasymmetric>false</isasymmetric>
    </blockref>
    <blockref>
      <blockid>0x40626000, 0xdec3c22a</blockid>
      <transform>
        <limbtype>0</limbtype>
        <musclescale>0.324999</musclescale>
        <basemusclescale>0.699999</basemusclescale>
        <scale>1</scale>
        <position>0.225271,0.0655722,0.682735</position>
        <triangledirection>0.217990,0.626950,0.747937</triangledirection>
        <trianglepickorigin>0,0,0</trianglepickorigin>
        <orientation>
          <row0>-0.897665,0.429544,-0.0984304</row0>
          <row1>0.217990,0.626950,0.747937</row1>
          <row2>0.382982,0.649941,-0.656428</row2>
        </orientation>
      </transform>
      <snapped>false</snapped>
      <childlist count="1">
        <childid>9</childid>
      </childlist>
      <symmetric>10</symmetric>
      <handles count="1">
        <weight channel="0xf320ba37">0.152498</weight>
      </handles>
      <isasymmetric>false</isasymmetric>
    </blockref>
    <blockref>
      <blockid>0x40626000, 0x33fccc91</blockid>
      <transform>
        <limbtype>0</limbtype>
        <musclescale>0.125</musclescale>
        <basemusclescale>0.800000</basemusclescale>
        <scale>1</scale>
        <position>0.119999,-0.237195,0.321539</position>
        <triangledirection>-0.399273,-0.781777,0.478960</triangledirection>
        <trianglepickorigin>0,0,0</trianglepickorigin>
        <orientation>
          <row0>-0.907736,0.410483,-0.0867040</row0>
          <row1>-0.399273,-0.781777,0.478960</row1>
          <row2>0.128822,0.469388,0.873543</row2>
        </orientation>
      </transform>
      <snapped>true</snapped>
      <childlist count="1">
        <childid>33</childid>
      </childlist>
      <symmetric>11</symmetric>
      <handles count="1">
        <weight channel="0xf320ba37">0.133847</weight>
      </handles>
      <isasymmetric>false</isasymmetric>
    </blockref>
    <blockref>
      <blockid>0x40626000, 0xdec3c22a</blockid>
      <transform>
        <limbtype>0</limbtype>
        <musclescale>0.324999</musclescale>
        <basemusclescale>0.699999</basemusclescale>
        <scale>1</scale>
        <position>-0.225271,0.0655722,0.682735</position>
        <triangledirection>-0.217990,0.626950,0.747937</triangledirection>
        <trianglepickorigin>0,0,0</trianglepickorigin>
        <orientation>
          <row0>-0.897665,-0.429544,0.0984304</row0>
          <row1>-0.217990,0.626950,0.747937</row1>
          <row2>-0.382982,0.649941,-0.656428</row2>
        </orientation>
      </transform>
      <snapped>false</snapped>
      <childlist count="1">
        <childid>11</childid>
      </childlist>
      <symmetric>8</symmetric>
      <handles count="1">
        <weight channel="0xf320ba37">0.152498</weight>
      </handles>
      <isasymmetric>false</isasymmetric>
    </blockref>
    <blockref>
      <blockid>0x40626000, 0x33fccc91</blockid>
      <transform>
        <limbtype>0</limbtype>
        <musclescale>0.125</musclescale>
        <basemusclescale>0.800000</basemusclescale>
        <scale>1</scale>
        <position>-0.119999,-0.237195,0.321539</position>
        <triangledirection>0.399273,-0.781777,0.478960</triangledirection>
        <trianglepickorigin>0,0,0</trianglepickorigin>
        <orientation>
          <row0>-0.907736,-0.410483,0.0867038</row0>
          <row1>0.399273,-0.781777,0.478960</row1>
          <row2>-0.128822,0.469388,0.873543</row2>
        </orientation>
      </transform>
      <snapped>true</snapped>
      <childlist count="1">
        <childid>32</childid>
      </childlist>
      <symmetric>9</symmetric>
      <handles count="1">
        <weight channel="0xf320ba37">0.133847</weight>
      </handles>
      <isasymmetric>false</isasymmetric>
    </blockref>
    <blockref>
      <blockid>0x40626000, 0xdec3c22a</blockid>
      <transform>
        <limbtype>0</limbtype>
        <musclescale>0.150000</musclescale>
        <basemusclescale>1.499997</basemusclescale>
        <scale>1</scale>
        <position>0.175988,0.0392425,1.102669</position>
        <triangledirection>-0.762404,-0.392141,0.514747</triangledirection>
        <trianglepickorigin>0,0,0</trianglepickorigin>
        <orientation>
          <row0>0.589223,-0.0918636,0.802730</row0>
          <row1>-0.762404,-0.392141,0.514747</row1>
          <row2>0.267497,-0.915305,-0.301095</row2>
        </orientation>
      </transform>
      <snapped>false</snapped>
      <childlist count="2">
        <childid>38</childid>
        <childid>13</childid>
      </childlist>
      <symmetric>14</symmetric>
      <handles count="1">
        <weight channel="0xf320ba37">0.112163</weight>
      </handles>
      <isasymmetric>false</isasymmetric>
    </blockref>
    <blockref>
      <blockid>0x40626000, 0x33fccc91</blockid>
      <transform>
        <limbtype>0</limbtype>
        <musclescale>0.125</musclescale>
        <basemusclescale>1.149999</basemusclescale>
        <scale>1</scale>
        <position>0.452838,0.181639,0.915750</position>
        <triangledirection>-0.0817134,0.981646,0.172317</triangledirection>
        <trianglepickorigin>0,0,0</trianglepickorigin>
        <orientation>
          <row0>0.589223,-0.0918636,0.802730</row0>
          <row1>-0.0817134,0.981646,0.172317</row1>
          <row2>-0.803825,-0.167126,0.570903</row2>
        </orientation>
      </transform>
      <snapped>true</snapped>
      <childlist count="1">
        <childid>35</childid>
      </childlist>
      <symmetric>15</symmetric>
      <handles count="1">
        <weight channel="0xf320ba37">0.137264</weight>
      </handles>
      <isasymmetric>false</isasymmetric>
    </blockref>
    <blockref>
      <blockid>0x40626000, 0xdec3c22a</blockid>
      <transform>
        <limbtype>0</limbtype>
        <musclescale>0.150000</musclescale>
        <basemusclescale>1.499997</basemusclescale>
        <scale>1</scale>
        <position>-0.175988,0.0392425,1.102669</position>
        <triangledirection>0.762404,-0.392141,0.514747</triangledirection>
        <trianglepickorigin>0,0,0</trianglepickorigin>
        <orientation>
          <row0>0.589223,0.0918636,-0.802730</row0>
          <row1>0.762404,-0.392141,0.514747</row1>
          <row2>-0.267497,-0.915305,-0.301095</row2>
        </orientation>
      </transform>
      <snapped>false</snapped>
      <childlist count="2">
        <childid>37</childid>
        <childid>15</childid>
      </childlist>
      <symmetric>12</symmetric>
      <handles count="1">
        <weight channel="0xf320ba37">0.112163</weight>
      </handles>
      <isasymmetric>false</isasymmetric>
    </blockref>
    <blockref>
      <blockid>0x40626000, 0x33fccc91</blockid>
      <transform>
        <limbtype>0</limbtype>
        <musclescale>0.125</musclescale>
        <basemusclescale>1.149999</basemusclescale>
        <scale>1</scale>
        <position>-0.452838,0.181639,0.915750</position>
        <triangledirection>0.0817134,0.981646,0.172317</triangledirection>
        <trianglepickorigin>0,0,0</trianglepickorigin>
        <orientation>
          <row0>0.589223,0.0918636,-0.802730</row0>
          <row1>0.0817134,0.981646,0.172317</row1>
          <row2>0.803826,-0.167127,0.570903</row2>
        </orientation>
      </transform>
      <snapped>true</snapped>
      <childlist count="1">
        <childid>34</childid>
      </childlist>
      <symmetric>13</symmetric>
      <handles count="1">
        <weight channel="0xf320ba37">0.137264</weight>
      </handles>
      <isasymmetric>false</isasymmetric>
    </blockref>
    <blockref>
      <blockid>0x40626000, 0x050d2811</blockid>
      <transform>
        <scale>1</scale>
        <position>0,-0.302006,1.139157</position>
        <triangledirection>0,0.958691,0.284449</triangledirection>
        <trianglepickorigin>0,0,0</trianglepickorigin>
        <orientation>
          <row0>1,0,0</row0>
          <row1>0,0.996787,0.0800962</row1>
          <row2>0,-0.0800962,0.996787</row2>
        </orientation>
        <userorientation>
          <userorientation_row0>1,0,0</userorientation_row0>
          <userorientation_row1>0,0.978393,0.206746</userorientation_row1>
          <userorientation_row2>0,-0.206746,0.978393</userorientation_row2>
        </userorientation>
      </transform>
      <snapped>false</snapped>
      <childlist count="6">
        <childid>39</childid>
        <childid>21</childid>
        <childid>20</childid>
        <childid>19</childid>
        <childid>18</childid>
        <childid>17</childid>
      </childlist>
      <handles count="3">
        <weight channel="0xd02751de">0.782664</weight>
        <weight channel="0x2e6521f4">0.343129</weight>
        <weight channel="0x7cc96c02">0.5</weight>
      </handles>
      <isasymmetric>false</isasymmetric>
    </blockref>
    <blockref>
      <blockid>0x40626000, 0x0330d834</blockid>
      <transform>
        <scale>0.740818</scale>
        <position>-0.0573388,-0.312999,1.279227</position>
        <triangledirection>-0.0766932,0.971341,-0.224976</triangledirection>
        <trianglepickorigin>0,0,0</trianglepickorigin>
        <orientation>
          <row0>1,0,0</row0>
          <row1>0,0.431796,-0.901970</row1>
          <row2>0,0.901970,0.431796</row2>
        </orientation>
        <userorientation>
          <userorientation_row0>0.988249,0.151050,-0.0233807</userorientation_row0>
          <userorientation_row1>-0.0766932,0.622343,0.778976</userorientation_row1>
          <userorientation_row2>0.132214,-0.768031,0.626614</userorientation_row2>
        </userorientation>
      </transform>
      <snapped>false</snapped>
      <symmetric>18</symmetric>
      <isasymmetric>false</isasymmetric>
    </blockref>
    <blockref>
      <blockid>0x40626000, 0x4b1ae65a</blockid>
      <transform>
        <scale>0.740818</scale>
        <position>0.0573388,-0.312999,1.279227</position>
        <triangledirection>0.0766932,0.971341,-0.224976</triangledirection>
        <trianglepickorigin>0,0,0</trianglepickorigin>
        <orientation>
          <row0>1,0,0</row0>
          <row1>0,0.431796,-0.901970</row1>
          <row2>0,0.901970,0.431796</row2>
        </orientation>
        <userorientation>
          <userorientation_row0>0.988249,-0.151050,0.0233807</userorientation_row0>
          <userorientation_row1>0.0766932,0.622343,0.778976</userorientation_row1>
          <userorientation_row2>-0.132214,-0.768031,0.626614</userorientation_row2>
        </userorientation>
      </transform>
      <snapped>false</snapped>
      <symmetric>17</symmetric>
      <isasymmetric>false</isasymmetric>
    </blockref>
    <blockref>
      <blockid>0x40626000, 0xd6ade969</blockid>
      <transform>
        <scale>0.699998</scale>
        <position>0.130740,-0.195527,1.243788</position>
        <triangledirection>-0.519828,-0.815721,-0.253717</triangledirection>
        <trianglepickorigin>0,0,0</trianglepickorigin>
        <orientation>
          <row0>-0.250452,0.965430,-0.0722362</row0>
          <row1>-0.691097,-0.230538,-0.685007</row1>
          <row2>-0.677980,-0.121638,0.724945</row2>
        </orientation>
        <userorientation>
          <userorientation_row0>0.586324,0.681914,-0.437278</userorientation_row0>
          <userorientation_row1>-0.639002,0.721108,0.267726</userorientation_row1>
          <userorientation_row2>0.497893,0.122446,0.858550</userorientation_row2>
        </userorientation>
      </transform>
      <snapped>false</snapped>
      <symmetric>20</symmetric>
      <handles count="1">
        <weight channel="0x2e6521f4">0.649010</weight>
      </handles>
      <isasymmetric>false</isasymmetric>
    </blockref>
    <blockref>
      <blockid>0x40626000, 0xa0de03cf</blockid>
      <transform>
        <scale>0.699998</scale>
        <position>-0.130740,-0.195527,1.243788</position>
        <triangledirection>0.519829,-0.815721,-0.253717</triangledirection>
        <trianglepickorigin>0,0,0</trianglepickorigin>
        <orientation>
          <row0>-0.250452,-0.965430,0.0722362</row0>
          <row1>0.691097,-0.230538,-0.685007</row1>
          <row2>0.677980,-0.121638,0.724945</row2>
        </orientation>
        <userorientation>
          <userorientation_row0>0.586324,-0.681914,0.437278</userorientation_row0>
          <userorientation_row1>0.639002,0.721108,0.267726</userorientation_row1>
          <userorientation_row2>-0.497893,0.122446,0.858550</userorientation_row2>
        </userorientation>
      </transform>
      <snapped>false</snapped>
      <symmetric>19</symmetric>
      <handles count="1">
        <weight channel="0x2e6521f4">0.649010</weight>
      </handles>
      <isasymmetric>false</isasymmetric>
    </blockref>
    <blockref>
      <blockid>0x40626000, 0xf71001a2</blockid>
      <transform>
        <scale>0.798515</scale>
        <position>0,-0.305404,1.286146</position>
        <triangledirection>0,0.929205,-0.369562</triangledirection>
        <trianglepickorigin>0,0,0</trianglepickorigin>
        <orientation>
          <row0>1,0,0</row0>
          <row1>0,0.160220,-0.987080</row1>
          <row2>0,0.987080,0.160221</row2>
        </orientation>
        <userorientation>
          <userorientation_row0>1,0,0</userorientation_row0>
          <userorientation_row1>0,0.513666,0.857989</userorientation_row1>
          <userorientation_row2>0,-0.857989,0.513666</userorientation_row2>
        </userorientation>
      </transform>
      <snapped>false</snapped>
      <isasymmetric>false</isasymmetric>
    </blockref>
    <blockref>
      <blockid>0x40626000, 0xd05c53a3</blockid>
      <transform>
        <scale>0.905773</scale>
        <position>0,0.260538,0.709317</position>
        <triangledirection>0,0.233136,-0.972442</triangledirection>
        <trianglepickorigin>0,0,0</trianglepickorigin>
        <orientation>
          <row0>1,0,0</row0>
          <row1>0,0.233136,-0.972442</row1>
          <row2>0,0.972442,0.233136</row2>
        </orientation>
      </transform>
      <snapped>false</snapped>
      <childlist count="1">
        <childid>23</childid>
      </childlist>
      <isasymmetric>false</isasymmetric>
    </blockref>
    <blockref>
      <blockid>0x40626000, 0xd05c53a3</blockid>
      <transform>
        <scale>0.681973</scale>
        <position>0,0.291613,0.601051</position>
        <triangledirection>0,0.318096,-0.948058</triangledirection>
        <trianglepickorigin>0,0,0</trianglepickorigin>
        <orientation>
          <row0>1,0,0</row0>
          <row1>0,0.318096,-0.948058</row1>
          <row2>0,0.948058,0.318096</row2>
        </orientation>
      </transform>
      <snapped>false</snapped>
      <childlist count="1">
        <childid>24</childid>
      </childlist>
      <isasymmetric>false</isasymmetric>
    </blockref>
    <blockref>
      <blockid>0x40626000, 0xd05c53a3</blockid>
      <transform>
        <scale>0.505361</scale>
        <position>0,0.332345,0.495997</position>
        <triangledirection>0,0.404226,-0.914658</triangledirection>
        <trianglepickorigin>0,0,0</trianglepickorigin>
        <orientation>
          <row0>1,0,0</row0>
          <row1>0,0.404226,-0.914658</row1>
          <row2>0,0.914658,0.404226</row2>
        </orientation>
      </transform>
      <snapped>false</snapped>
      <childlist count="1">
        <childid>25</childid>
      </childlist>
      <isasymmetric>false</isasymmetric>
    </blockref>
    <blockref>
      <blockid>0x40626000, 0xd05c53a3</blockid>
      <transform>
        <scale>0.324553</scale>
        <position>0,0.407130,0.410086</position>
        <triangledirection>0,0.850188,-0.526476</triangledirection>
        <trianglepickorigin>0,0,0</trianglepickorigin>
        <orientation>
          <row0>1,0,0</row0>
          <row1>0,0.850188,-0.526476</row1>
          <row2>0,0.526476,0.850188</row2>
        </orientation>
      </transform>
      <snapped>false</snapped>
      <childlist count="1">
        <childid>26</childid>
      </childlist>
      <isasymmetric>false</isasymmetric>
    </blockref>
    <blockref>
      <blockid>0x40626000, 0xd05c53a3</blockid>
      <transform>
        <scale>0.348774</scale>
        <position>0,0.518185,0.390148</position>
        <triangledirection>0,0.980266,0.197674</triangledirection>
        <trianglepickorigin>0,0,0</trianglepickorigin>
        <orientation>
          <row0>1,0,0</row0>
          <row1>0,0.980266,0.197674</row1>
          <row2>0,-0.197674,0.980266</row2>
        </orientation>
      </transform>
      <snapped>false</snapped>
      <childlist count="1">
        <childid>27</childid>
      </childlist>
      <isasymmetric>false</isasymmetric>
    </blockref>
    <blockref>
      <blockid>0x40626000, 0xd05c53a3</blockid>
      <transform>
        <scale>0.509774</scale>
        <position>0,0.617004,0.446393</position>
        <triangledirection>0,0.670499,0.741908</triangledirection>
        <trianglepickorigin>0,0,0</trianglepickorigin>
        <orientation>
          <row0>1,0,0</row0>
          <row1>0,0.670499,0.741908</row1>
          <row2>0,-0.741908,0.670499</row2>
        </orientation>
      </transform>
      <snapped>false</snapped>
      <childlist count="1">
        <childid>28</childid>
      </childlist>
      <isasymmetric>false</isasymmetric>
    </blockref>
    <blockref>
      <blockid>0x40626000, 0xd05c53a3</blockid>
      <transform>
        <scale>0.546672</scale>
        <position>0,0.671974,0.546598</position>
        <triangledirection>0,0.265368,0.964146</triangledirection>
        <trianglepickorigin>0,0,0</trianglepickorigin>
        <orientation>
          <row0>1,0,0</row0>
          <row1>0,0.265368,0.964146</row1>
          <row2>0,-0.964146,0.265368</row2>
        </orientation>
      </transform>
      <snapped>false</snapped>
      <childlist count="1">
        <childid>29</childid>
      </childlist>
      <isasymmetric>false</isasymmetric>
    </blockref>
    <blockref>
      <blockid>0x40626000, 0xd05c53a3</blockid>
      <transform>
        <scale>0.556955</scale>
        <position>0,0.667075,0.660277</position>
        <triangledirection>0,-0.347324,0.937744</triangledirection>
        <trianglepickorigin>0,0,0</trianglepickorigin>
        <orientation>
          <row0>1,0,0</row0>
          <row1>0,-0.347324,0.937744</row1>
          <row2>0,-0.937744,-0.347324</row2>
        </orientation>
      </transform>
      <snapped>false</snapped>
      <childlist count="1">
        <childid>30</childid>
      </childlist>
      <isasymmetric>false</isasymmetric>
    </blockref>
    <blockref>
      <blockid>0x40626000, 0xd05c53a3</blockid>
      <transform>
        <scale>0.549718</scale>
        <position>0,0.596732,0.749710</position>
        <triangledirection>0,-0.829505,0.558495</triangledirection>
        <trianglepickorigin>0,0,0</trianglepickorigin>
        <orientation>
          <row0>1,0,0</row0>
          <row1>0,-0.829505,0.558495</row1>
          <row2>0,-0.558495,-0.829505</row2>
        </orientation>
      </transform>
      <snapped>false</snapped>
      <childlist count="1">
        <childid>31</childid>
      </childlist>
      <isasymmetric>false</isasymmetric>
    </blockref>
    <blockref>
      <blockid>0x40626000, 0xd05c53a3</blockid>
      <transform>
        <scale>0.469805</scale>
        <position>0,0.498681,0.806106</position>
        <triangledirection>0,-0.899857,0.436181</triangledirection>
        <trianglepickorigin>0,0,0</trianglepickorigin>
        <orientation>
          <row0>1,0,0</row0>
          <row1>0,-0.899857,0.436181</row1>
          <row2>0,-0.436181,-0.899857</row2>
        </orientation>
      </transform>
      <snapped>false</snapped>
      <isasymmetric>false</isasymmetric>
    </blockref>
    <blockref>
      <blockid>0x40626000, 0x5a6226f5</blockid>
      <transform>
        <basemusclescale>1.624616</basemusclescale>
        <scale>1</scale>
        <position>-0.292430,0.100423,0.114693</position>
        <triangledirection>-0.589281,0.807927,0</triangledirection>
        <trianglepickorigin>0,0,0</trianglepickorigin>
        <orientation>
          <row0>1,0,0</row0>
          <row1>0,1,0</row1>
          <row2>0,0,1</row2>
        </orientation>
        <userorientation>
          <userorientation_row0>0.807927,0.589281,0</userorientation_row0>
          <userorientation_row1>-0.589281,0.807927,0</userorientation_row1>
          <userorientation_row2>0,0,1</userorientation_row2>
        </userorientation>
      </transform>
      <snapped>true</snapped>
      <symmetric>33</symmetric>
      <handles count="3">
        <weight channel="0x2e6521f4">0.497236</weight>
        <weight channel="0x7cc96c02">0.208030</weight>
        <weight channel="0xd02751de">0.5</weight>
      </handles>
      <isasymmetric>false</isasymmetric>
    </blockref>
    <blockref>
      <blockid>0x40626000, 0x7c830513</blockid>
      <transform>
        <basemusclescale>1.624616</basemusclescale>
        <scale>1</scale>
        <position>0.292430,0.100423,0.114693</position>
        <triangledirection>0.589281,0.807927,0</triangledirection>
        <trianglepickorigin>0,0,0</trianglepickorigin>
        <orientation>
          <row0>1,0,0</row0>
          <row1>0,1,0</row1>
          <row2>0,0,1</row2>
        </orientation>
        <userorientation>
          <userorientation_row0>0.807927,-0.589281,0</userorientation_row0>
          <userorientation_row1>0.589281,0.807927,0</userorientation_row1>
          <userorientation_row2>0,0,1</userorientation_row2>
        </userorientation>
      </transform>
      <snapped>true</snapped>
      <symmetric>32</symmetric>
      <handles count="3">
        <weight channel="0x2e6521f4">0.497236</weight>
        <weight channel="0x7cc96c02">0.208030</weight>
        <weight channel="0xd02751de">0.5</weight>
      </handles>
      <isasymmetric>false</isasymmetric>
    </blockref>
    <blockref>
      <blockid>0x40626000, 0x0078c237</blockid>
      <transform>
        <basemusclescale>0.994035</basemusclescale>
        <scale>1.454990</scale>
        <position>-0.488954,-0.252238,0.839587</position>
        <triangledirection>0.148518,0.727815,-0.669495</triangledirection>
        <trianglepickorigin>0,0,0</trianglepickorigin>
        <orientation>
          <row0>0.274188,-0.188365,0.943046</row0>
          <row1>0.0817134,0.981646,0.172317</row1>
          <row2>-0.958198,0.0298119,0.284547</row2>
        </orientation>
        <userorientation>
          <userorientation_row0>0.562964,0.273254,-0.780000</userorientation_row0>
          <userorientation_row1>-0.727739,0.611226,-0.311116</userorientation_row1>
          <userorientation_row2>0.391743,0.742787,0.542958</userorientation_row2>
        </userorientation>
      </transform>
      <snapped>true</snapped>
      <symmetric>35</symmetric>
      <isasymmetric>false</isasymmetric>
    </blockref>
    <blockref>
      <blockid>0x40626000, 0x3a25c5a1</blockid>
      <transform>
        <basemusclescale>0.994035</basemusclescale>
        <scale>1.454990</scale>
        <position>0.488954,-0.252238,0.839587</position>
        <triangledirection>-0.148518,0.727815,-0.669495</triangledirection>
        <trianglepickorigin>0,0,0</trianglepickorigin>
        <orientation>
          <row0>0.274188,0.188365,-0.943046</row0>
          <row1>-0.0817134,0.981646,0.172317</row1>
          <row2>0.958198,0.0298119,0.284547</row2>
        </orientation>
        <userorientation>
          <userorientation_row0>0.562964,-0.273254,0.780000</userorientation_row0>
          <userorientation_row1>0.727739,0.611226,-0.311116</userorientation_row1>
          <userorientation_row2>-0.391743,0.742787,0.542958</userorientation_row2>
        </userorientation>
      </transform>
      <snapped>true</snapped>
      <symmetric>34</symmetric>
      <isasymmetric>false</isasymmetric>
    </blockref>
    <blockref>
      <blockid>0x40686000, 0x6181ec2b</blockid>
      <transform>
        <scale>0.860706</scale>
        <position>0,0.255908,1.076416</position>
        <triangledirection>0,-0.816559,-0.577260</triangledirection>
        <trianglepickorigin>0,0,0</trianglepickorigin>
        <orientation>
          <row0>-1,0,0</row0>
          <row1>0,-0.916418,-0.400222</row1>
          <row2>0,-0.400222,0.916418</row2>
        </orientation>
        <userorientation>
          <userorientation_row0>1,0,0</userorientation_row0>
          <userorientation_row1>0,0.979341,-0.202206</userorientation_row1>
          <userorientation_row2>0,0.202206,0.979341</userorientation_row2>
        </userorientation>
      </transform>
      <snapped>false</snapped>
      <handles count="4">
        <weight channel="0x94c59a9d">0.499267</weight>
        <weight channel="0xe6f2c2b9">1</weight>
        <weight channel="0x7cc96c02">6.89921e-16</weight>
        <weight channel="0xd02751de">0.388404</weight>
      </handles>
      <isasymmetric>false</isasymmetric>
    </blockref>
    <blockref>
      <blockid>0x40686000, 0x6181ec2a</blockid>
      <transform>
        <scale>0.860707</scale>
        <position>-0.227622,0.0568409,1.190709</position>
        <triangledirection>0.473441,-0.196217,-0.858690</triangledirection>
        <trianglepickorigin>0,0,0</trianglepickorigin>
        <orientation>
          <row0>-0.382867,-0.923802,4.47033e-8</row0>
          <row1>0.473441,-0.196217,-0.858690</row1>
          <row2>0.793262,-0.328765,0.512492</row2>
        </orientation>
      </transform>
      <snapped>false</snapped>
      <symmetric>38</symmetric>
      <handles count="4">
        <weight channel="0xe6f2c2b9">0.497032</weight>
        <weight channel="0x7cc96c02">0.498735</weight>
        <weight channel="0xd02751de">0</weight>
        <weight channel="0x503283aa">0</weight>
      </handles>
      <isasymmetric>false</isasymmetric>
    </blockref>
    <blockref>
      <blockid>0x40686000, 0x6181ec2a</blockid>
      <transform>
        <scale>0.860707</scale>
        <position>0.227622,0.0568409,1.190709</position>
        <triangledirection>-0.473441,-0.196217,-0.858690</triangledirection>
        <trianglepickorigin>0,0,0</trianglepickorigin>
        <orientation>
          <row0>-0.382867,0.923802,-4.47033e-8</row0>
          <row1>-0.473441,-0.196217,-0.858690</row1>
          <row2>-0.793262,-0.328765,0.512492</row2>
        </orientation>
      </transform>
      <snapped>false</snapped>
      <symmetric>37</symmetric>
      <handles count="4">
        <weight channel="0xe6f2c2b9">0.497032</weight>
        <weight channel="0x7cc96c02">0.498735</weight>
        <weight channel="0xd02751de">0</weight>
        <weight channel="0x503283aa">0</weight>
      </handles>
      <isasymmetric>false</isasymmetric>
    </blockref>
    <blockref>
      <blockid>0x40686000, 0x68480e7f</blockid>
      <transform>
        <scale>1</scale>
        <position>0,-0.176725,1.272595</position>
        <triangledirection>0,-0.117762,-0.993040</triangledirection>
        <trianglepickorigin>0,0,0</trianglepickorigin>
        <orientation>
          <row0>0,-0.865489,0.500926</row0>
          <row1>0,-0.500926,-0.865489</row1>
          <row2>1,0,0</row2>
        </orientation>
        <userorientation>
          <userorientation_row0>0.918457,0.395516,0</userorientation_row0>
          <userorientation_row1>-0.395516,0.918457,0</userorientation_row1>
          <userorientation_row2>0,0,1</userorientation_row2>
        </userorientation>
      </transform>
      <snapped>false</snapped>
      <handles count="2">
        <weight channel="0x7cc96c02">0.0121496</weight>
        <weight channel="0xd02751de">1</weight>
      </handles>
      <isasymmetric>false</isasymmetric>
    </blockref>
  </blocks></sporemodel>