<?xml version="1.0" encoding="UTF-8"?><sporemodel>
  <formatversion>18</formatversion>
  <properties>
    <modeltype>0x4178b8e8</modeltype>
    <skineffect1>0x71357e68</skineffect1>
    <skineffect2>0xcf48a38f</skineffect2>
    <skineffect3>0xdd5391a5</skineffect3>
    <skineffectseed1>1234</skineffectseed1>
    <skineffectseed2>1234</skineffectseed2>
    <skineffectseed3>1234</skineffectseed3>
    <skincolor1>0.474509,0.643136,0.803920</skincolor1>
    <skincolor2>0.803920,0.760783,0.258823</skincolor2>
    <skincolor3>0.443136,0.325489,0.0823528</skincolor3>
    <zcorpscore>50</zcorpscore>
  </properties>
  <blocks count="76">
    <blockref>
      <blockid>0x40626000, 0xd05c53a3</blockid>
      <transform>
        <scale>0.805065</scale>
        <position>0,0.0694248,1.310564</position>
        <triangledirection>0,0.432682,-0.901546</triangledirection>
        <trianglepickorigin>0,0,0</trianglepickorigin>
        <orientation>
          <row0>1,0,0</row0>
          <row1>0,0.432682,-0.901546</row1>
          <row2>0,0.901546,0.432682</row2>
        </orientation>
      </transform>
      <snapped>false</snapped>
      <childlist count="1">
        <childid>1</childid>
      </childlist>
      <isasymmetric>false</isasymmetric>
    </blockref>
    <blockref>
      <blockid>0x40626000, 0xd05c53a3</blockid>
      <transform>
        <scale>0.995837</scale>
        <position>0,0.102774,1.208389</position>
        <triangledirection>0,0.182496,-0.983205</triangledirection>
        <trianglepickorigin>0,0,0</trianglepickorigin>
        <orientation>
          <row0>1,0,0</row0>
          <row1>0,0.182496,-0.983205</row1>
          <row2>0,0.983205,0.182496</row2>
        </orientation>
      </transform>
      <snapped>false</snapped>
      <childlist count="7">
        <childid>67</childid>
        <childid>66</childid>
        <childid>65</childid>
        <childid>64</childid>
        <childid>11</childid>
        <childid>9</childid>
        <childid>2</childid>
      </childlist>
      <isasymmetric>false</isasymmetric>
    </blockref>
    <blockref>
      <blockid>0x40626000, 0xd05c53a3</blockid>
      <transform>
        <scale>1.250836</scale>
        <position>0,0.114711,1.099499</position>
        <triangledirection>0,0.0348383,-0.999391</triangledirection>
        <trianglepickorigin>0,0,0</trianglepickorigin>
        <orientation>
          <row0>1,0,0</row0>
          <row1>0,0.0348383,-0.999391</row1>
          <row2>0,0.999391,0.0348383</row2>
        </orientation>
      </transform>
      <snapped>false</snapped>
      <childlist count="6">
        <childid>69</childid>
        <childid>68</childid>
        <childid>63</childid>
        <childid>62</childid>
        <childid>33</childid>
        <childid>3</childid>
      </childlist>
      <isasymmetric>false</isasymmetric>
    </blockref>
    <blockref>
      <blockid>0x40626000, 0xd05c53a3</blockid>
      <transform>
        <scale>1.255522</scale>
        <position>0,0.114927,0.988698</position>
        <triangledirection>0,-0.0309346,-0.999521</triangledirection>
        <trianglepickorigin>0,0,0</trianglepickorigin>
        <orientation>
          <row0>1,0,0</row0>
          <row1>0,-0.0309346,-0.999521</row1>
          <row2>0,0.999521,-0.0309346</row2>
        </orientation>
      </transform>
      <snapped>false</snapped>
      <childlist count="7">
        <childid>75</childid>
        <childid>74</childid>
        <childid>73</childid>
        <childid>72</childid>
        <childid>38</childid>
        <childid>37</childid>
        <childid>4</childid>
      </childlist>
      <isasymmetric>false</isasymmetric>
    </blockref>
    <blockref>
      <blockid>0x40626000, 0xd05c53a3</blockid>
      <transform>
        <scale>1.059147</scale>
        <position>0,0.116186,0.876107</position>
        <triangledirection>0,0.0532635,-0.998579</triangledirection>
        <trianglepickorigin>0,0,0</trianglepickorigin>
        <orientation>
          <row0>0.999998,0,0</row0>
          <row1>0,0.0532635,-0.998579</row1>
          <row2>0,0.998579,0.0532635</row2>
        </orientation>
      </transform>
      <snapped>false</snapped>
      <childlist count="3">
        <childid>34</childid>
        <childid>15</childid>
        <childid>13</childid>
      </childlist>
      <isasymmetric>false</isasymmetric>
    </blockref>
    <blockref>
      <blockid>0x40626000, 0xd05c53a3</blockid>
      <transform>
        <scale>0.620194</scale>
        <position>0,0.0139218,1.404556</position>
        <triangledirection>0,0.580515,-0.814248</triangledirection>
        <trianglepickorigin>0,0,0</trianglepickorigin>
        <orientation>
          <row0>1,0,0</row0>
          <row1>0,0.580515,-0.814248</row1>
          <row2>0,0.814248,0.580515</row2>
        </orientation>
      </transform>
      <snapped>false</snapped>
      <childlist count="1">
        <childid>0</childid>
      </childlist>
      <isasymmetric>false</isasymmetric>
    </blockref>
    <blockref>
      <blockid>0x40626000, 0xd05c53a3</blockid>
      <transform>
        <scale>0.570742</scale>
        <position>0,-0.0567516,1.487807</position>
        <triangledirection>0,0.709227,-0.704979</triangledirection>
        <trianglepickorigin>0,0,0</trianglepickorigin>
        <orientation>
          <row0>1,0,0</row0>
          <row1>0,0.709227,-0.704979</row1>
          <row2>0,0.704979,0.709227</row2>
        </orientation>
      </transform>
      <snapped>false</snapped>
      <childlist count="1">
        <childid>5</childid>
      </childlist>
      <isasymmetric>false</isasymmetric>
    </blockref>
    <blockref>
      <blockid>0x40626000, 0xd05c53a3</blockid>
      <transform>
        <scale>0.424760</scale>
        <position>0,-0.141426,1.555425</position>
        <triangledirection>0,0.844416,-0.535685</triangledirection>
        <trianglepickorigin>0,0,0</trianglepickorigin>
        <orientation>
          <row0>1,0,0</row0>
          <row1>0,0.844416,-0.535685</row1>
          <row2>0,0.535685,0.844416</row2>
        </orientation>
      </transform>
      <snapped>false</snapped>
      <childlist count="1">
        <childid>6</childid>
      </childlist>
      <isasymmetric>false</isasymmetric>
    </blockref>
    <blockref>
      <blockid>0x40626000, 0xd05c53a3</blockid>
      <transform>
        <scale>0.351016</scale>
        <position>0,-0.239175,1.596537</position>
        <triangledirection>0,0.973444,-0.228918</triangledirection>
        <trianglepickorigin>0,0,0</trianglepickorigin>
        <orientation>
          <row0>1,0,0</row0>
          <row1>0,0.973444,-0.228918</row1>
          <row2>0,0.228918,0.973444</row2>
        </orientation>
      </transform>
      <snapped>false</snapped>
      <childlist count="1">
        <childid>7</childid>
      </childlist>
      <isasymmetric>false</isasymmetric>
    </blockref>
    <blockref>
      <blockid>0x40626000, 0x2051ae2d</blockid>
      <transform>
        <limbtype>0</limbtype>
        <musclescale>0.224997</musclescale>
        <basemusclescale>0.75</basemusclescale>
        <scale>1</scale>
        <position>-0.186959,-0.0663439,1.305588</position>
        <triangledirection>0.756136,-0.125208,0.642323</triangledirection>
        <trianglepickorigin>0,0,0</trianglepickorigin>
        <orientation>
          <row0>0.564554,0.621199,-0.543496</row0>
          <row1>0.756136,-0.125208,0.642323</row1>
          <row2>0.330960,-0.773585,-0.540398</row2>
        </orientation>
      </transform>
      <snapped>false</snapped>
      <childlist count="1">
        <childid>10</childid>
      </childlist>
      <symmetric>11</symmetric>
      <handles count="1">
        <weight channel="0xf320ba37">0.108498</weight>
      </handles>
      <isasymmetric>false</isasymmetric>
    </blockref>
    <blockref>
      <blockid>0x40626000, 0x2051ae2d</blockid>
      <transform>
        <limbtype>0</limbtype>
        <musclescale>0.150000</musclescale>
        <basemusclescale>1.299998</basemusclescale>
        <scale>1</scale>
        <position>-0.456674,-0.0216818,1.076472</position>
        <triangledirection>0.203820,0.533155,0.821097</triangledirection>
        <trianglepickorigin>0,0,0</trianglepickorigin>
        <orientation>
          <row0>0.564554,0.621199,-0.543496</row0>
          <row1>0.203820,0.533155,0.821097</row1>
          <row2>0.799834,-0.574329,0.174382</row2>
        </orientation>
      </transform>
      <snapped>true</snapped>
      <childlist count="1">
        <childid>18</childid>
      </childlist>
      <symmetric>12</symmetric>
      <handles count="1">
        <weight channel="0xf320ba37">0.0912258</weight>
      </handles>
      <isasymmetric>false</isasymmetric>
    </blockref>
    <blockref>
      <blockid>0x40626000, 0x2051ae2d</blockid>
      <transform>
        <limbtype>0</limbtype>
        <musclescale>0.224997</musclescale>
        <basemusclescale>0.75</basemusclescale>
        <scale>1</scale>
        <position>0.186959,-0.0663439,1.305588</position>
        <triangledirection>-0.756136,-0.125208,0.642323</triangledirection>
        <trianglepickorigin>0,0,0</trianglepickorigin>
        <orientation>
          <row0>0.564554,-0.621199,0.543496</row0>
          <row1>-0.756136,-0.125208,0.642323</row1>
          <row2>-0.330960,-0.773585,-0.540398</row2>
        </orientation>
      </transform>
      <snapped>false</snapped>
      <childlist count="1">
        <childid>12</childid>
      </childlist>
      <symmetric>9</symmetric>
      <handles count="1">
        <weight channel="0xf320ba37">0.108498</weight>
      </handles>
      <isasymmetric>false</isasymmetric>
    </blockref>
    <blockref>
      <blockid>0x40626000, 0x2051ae2d</blockid>
      <transform>
        <limbtype>0</limbtype>
        <musclescale>0.150000</musclescale>
        <basemusclescale>1.299998</basemusclescale>
        <scale>1</scale>
        <position>0.456674,-0.0216818,1.076472</position>
        <triangledirection>-0.203820,0.533155,0.821097</triangledirection>
        <trianglepickorigin>0,0,0</trianglepickorigin>
        <orientation>
          <row0>0.564554,-0.621199,0.543496</row0>
          <row1>-0.203820,0.533155,0.821097</row1>
          <row2>-0.799834,-0.574329,0.174382</row2>
        </orientation>
      </transform>
      <snapped>true</snapped>
      <childlist count="1">
        <childid>17</childid>
      </childlist>
      <symmetric>10</symmetric>
      <handles count="1">
        <weight channel="0xf320ba37">0.0912258</weight>
      </handles>
      <isasymmetric>false</isasymmetric>
    </blockref>
    <blockref>
      <blockid>0x40626000, 0xdec3c22a</blockid>
      <transform>
        <limbtype>0</limbtype>
        <musclescale>0.425000</musclescale>
        <basemusclescale>0.899999</basemusclescale>
        <scale>1</scale>
        <position>0.214651,-0.0287910,0.780937</position>
        <triangledirection>-0.477748,0.226493,0.848797</triangledirection>
        <trianglepickorigin>0,0,0</trianglepickorigin>
        <orientation>
          <row0>-0.669197,-0.719792,-0.184588</row0>
          <row1>-0.477748,0.226493,0.848797</row1>
          <row2>-0.569149,0.656198,-0.495449</row2>
        </orientation>
      </transform>
      <snapped>false</snapped>
      <childlist count="1">
        <childid>14</childid>
      </childlist>
      <symmetric>15</symmetric>
      <handles count="1">
        <weight channel="0xf320ba37">0.103674</weight>
      </handles>
      <isasymmetric>false</isasymmetric>
    </blockref>
    <blockref>
      <blockid>0x40626000, 0x33fccc91</blockid>
      <transform>
        <limbtype>0</limbtype>
        <musclescale>0.125</musclescale>
        <basemusclescale>0.800000</basemusclescale>
        <scale>1</scale>
        <position>0.376089,-0.105325,0.494116</position>
        <triangledirection>0.327075,-0.508370,0.796604</triangledirection>
        <trianglepickorigin>0,0,0</trianglepickorigin>
        <orientation>
          <row0>-0.669197,-0.719792,-0.184588</row0>
          <row1>0.327075,-0.508370,0.796604</row1>
          <row2>-0.667230,0.472710,0.575627</row2>
        </orientation>
      </transform>
      <snapped>true</snapped>
      <childlist count="6">
        <childid>58</childid>
        <childid>56</childid>
        <childid>55</childid>
        <childid>53</childid>
        <childid>51</childid>
        <childid>19</childid>
      </childlist>
      <symmetric>16</symmetric>
      <handles count="1">
        <weight channel="0xf320ba37">0.116461</weight>
      </handles>
      <isasymmetric>false</isasymmetric>
    </blockref>
    <blockref>
      <blockid>0x40626000, 0xdec3c22a</blockid>
      <transform>
        <limbtype>0</limbtype>
        <musclescale>0.425000</musclescale>
        <basemusclescale>0.899999</basemusclescale>
        <scale>1</scale>
        <position>-0.214651,-0.0287910,0.780937</position>
        <triangledirection>0.477748,0.226493,0.848797</triangledirection>
        <trianglepickorigin>0,0,0</trianglepickorigin>
        <orientation>
          <row0>-0.669197,0.719793,0.184588</row0>
          <row1>0.477748,0.226493,0.848797</row1>
          <row2>0.569149,0.656198,-0.495449</row2>
        </orientation>
      </transform>
      <snapped>false</snapped>
      <childlist count="1">
        <childid>16</childid>
      </childlist>
      <symmetric>13</symmetric>
      <handles count="1">
        <weight channel="0xf320ba37">0.103674</weight>
      </handles>
      <isasymmetric>false</isasymmetric>
    </blockref>
    <blockref>
      <blockid>0x40626000, 0x33fccc91</blockid>
      <transform>
        <limbtype>0</limbtype>
        <musclescale>0.125</musclescale>
        <basemusclescale>0.800000</basemusclescale>
        <scale>1</scale>
        <position>-0.376089,-0.105325,0.494116</position>
        <triangledirection>-0.327075,-0.508370,0.796604</triangledirection>
        <trianglepickorigin>0,0,0</trianglepickorigin>
        <orientation>
          <row0>-0.669197,0.719793,0.184588</row0>
          <row1>-0.327075,-0.508370,0.796604</row1>
          <row2>0.667231,0.472710,0.575627</row2>
        </orientation>
      </transform>
      <snapped>true</snapped>
      <childlist count="6">
        <childid>59</childid>
        <childid>57</childid>
        <childid>54</childid>
        <childid>52</childid>
        <childid>50</childid>
        <childid>20</childid>
      </childlist>
      <symmetric>14</symmetric>
      <handles count="1">
        <weight channel="0xf320ba37">0.116461</weight>
      </handles>
      <isasymmetric>false</isasymmetric>
    </blockref>
    <blockref>
      <blockid>0x40626000, 0xd82377e9</blockid>
      <transform>
        <basemusclescale>1.202787</basemusclescale>
        <scale>1.252321</scale>
        <position>0.518938,-0.184552,0.825640</position>
        <triangledirection>0.232369,0.277527,0.932192</triangledirection>
        <trianglepickorigin>0,0,0</trianglepickorigin>
        <orientation>
          <row0>0.226100,0.841664,-0.490386</row0>
          <row1>-0.203820,0.533155,0.821097</row1>
          <row2>0.952540,-0.0857004,0.292095</row2>
        </orientation>
        <userorientation>
          <userorientation_row0>0.939692,0,0.342020</userorientation_row0>
          <userorientation_row1>-0.171010,0.866024,0.469846</userorientation_row1>
          <userorientation_row2>-0.296198,-0.499998,0.813796</userorientation_row2>
        </userorientation>
      </transform>
      <snapped>true</snapped>
      <symmetric>18</symmetric>
      <isasymmetric>false</isasymmetric>
    </blockref>
    <blockref>
      <blockid>0x40626000, 0xce0a464f</blockid>
      <transform>
        <basemusclescale>1.202787</basemusclescale>
        <scale>1.252321</scale>
        <position>-0.518938,-0.184552,0.825640</position>
        <triangledirection>-0.232369,0.277527,0.932192</triangledirection>
        <trianglepickorigin>0,0,0</trianglepickorigin>
        <orientation>
          <row0>0.226100,-0.841664,0.490386</row0>
          <row1>0.203820,0.533155,0.821097</row1>
          <row2>-0.952540,-0.0857004,0.292095</row2>
        </orientation>
        <userorientation>
          <userorientation_row0>0.939692,0,-0.342020</userorientation_row0>
          <userorientation_row1>0.171010,0.866024,0.469846</userorientation_row1>
          <userorientation_row2>0.296198,-0.499998,0.813796</userorientation_row2>
        </userorientation>
      </transform>
      <snapped>true</snapped>
      <symmetric>17</symmetric>
      <isasymmetric>false</isasymmetric>
    </blockref>
    <blockref>
      <blockid>0x40626000, 0x15d2288f</blockid>
      <transform>
        <basemusclescale>1.398319</basemusclescale>
        <scale>1</scale>
        <position>0.251699,0.0880115,0.191159</position>
        <triangledirection>0,1,0</triangledirection>
        <trianglepickorigin>0,0,0</trianglepickorigin>
        <orientation>
          <row0>1,0,0</row0>
          <row1>0,1,0</row1>
          <row2>0,0,1</row2>
        </orientation>
      </transform>
      <snapped>true</snapped>
      <childlist count="4">
        <childid>46</childid>
        <childid>45</childid>
        <childid>43</childid>
        <childid>41</childid>
      </childlist>
      <symmetric>20</symmetric>
      <handles count="1">
        <weight channel="0x2e6521f4">0.5</weight>
      </handles>
      <isasymmetric>false</isasymmetric>
    </blockref>
    <blockref>
      <blockid>0x40626000, 0x3aac8f19</blockid>
      <transform>
        <basemusclescale>1.398319</basemusclescale>
        <scale>1</scale>
        <position>-0.251699,0.0880113,0.191159</position>
        <triangledirection>0,1,0</triangledirection>
        <trianglepickorigin>0,0,0</trianglepickorigin>
        <orientation>
          <row0>1,0,0</row0>
          <row1>0,1,0</row1>
          <row2>0,0,1</row2>
        </orientation>
      </transform>
      <snapped>true</snapped>
      <childlist count="4">
        <childid>47</childid>
        <childid>44</childid>
        <childid>42</childid>
        <childid>40</childid>
      </childlist>
      <symmetric>19</symmetric>
      <handles count="1">
        <weight channel="0x2e6521f4">0.5</weight>
      </handles>
      <isasymmetric>false</isasymmetric>
    </blockref>
    <blockref>
      <blockid>0x40626000, 0xde215dc8</blockid>
      <transform>
        <scale>0.927743</scale>
        <position>0,-0.401917,1.517246</position>
        <triangledirection>0,0.976692,0.214642</triangledirection>
        <trianglepickorigin>0,0,0</trianglepickorigin>
        <orientation>
          <row0>1,0,0</row0>
          <row1>0,0.743178,0.669093</row1>
          <row2>0,-0.669093,0.743178</row2>
        </orientation>
        <userorientation>
          <userorientation_row0>1,0,0</userorientation_row0>
          <userorientation_row1>0,0.869472,-0.493981</userorientation_row1>
          <userorientation_row2>0,0.493981,0.869472</userorientation_row2>
        </userorientation>
      </transform>
      <snapped>false</snapped>
      <childlist count="8">
        <childid>30</childid>
        <childid>29</childid>
        <childid>28</childid>
        <childid>27</childid>
        <childid>26</childid>
        <childid>24</childid>
        <childid>23</childid>
        <childid>22</childid>
      </childlist>
      <handles count="3">
        <weight channel="0xd02751de">0.221074</weight>
        <weight channel="0x2e6521f4">0.199077</weight>
        <weight channel="0x7cc96c02">0.586763</weight>
      </handles>
      <isasymmetric>false</isasymmetric>
    </blockref>
    <blockref>
      <blockid>0x40626000, 0x6676e394</blockid>
      <transform>
        <scale>1</scale>
        <position>0.0647447,-0.447784,1.630916</position>
        <triangledirection>-0.384458,0.916647,-0.109310</triangledirection>
        <trianglepickorigin>0,0,0</trianglepickorigin>
        <orientation>
          <row0>0.625431,0.778468,0.0531313</row0>
          <row1>-0.419209,0.392668,-0.818579</row1>
          <row2>-0.658101,0.489692,0.571928</row2>
        </orientation>
        <userorientation>
          <userorientation_row0>0.880780,-0.384032,-0.277024</userorientation_row0>
          <userorientation_row1>0.467319,0.610587,0.639370</userorientation_row1>
          <userorientation_row2>-0.0763918,-0.692605,0.717260</userorientation_row2>
        </userorientation>
      </transform>
      <snapped>false</snapped>
      <symmetric>23</symmetric>
      <isasymmetric>false</isasymmetric>
    </blockref>
    <blockref>
      <blockid>0x40626000, 0xc7f09552</blockid>
      <transform>
        <scale>1</scale>
        <position>-0.0647447,-0.447784,1.630916</position>
        <triangledirection>0.384458,0.916647,-0.109310</triangledirection>
        <trianglepickorigin>0,0,0</trianglepickorigin>
        <orientation>
          <row0>0.625431,-0.778468,-0.0531313</row0>
          <row1>0.419209,0.392668,-0.818579</row1>
          <row2>0.658101,0.489692,0.571928</row2>
        </orientation>
        <userorientation>
          <userorientation_row0>0.880780,0.384032,0.277024</userorientation_row0>
          <userorientation_row1>-0.467319,0.610587,0.639370</userorientation_row1>
          <userorientation_row2>0.0763918,-0.692605,0.717260</userorientation_row2>
        </userorientation>
      </transform>
      <snapped>false</snapped>
      <symmetric>22</symmetric>
      <isasymmetric>false</isasymmetric>
    </blockref>
    <blockref>
      <blockid>0x40626000, 0x06fa3d43</blockid>
      <transform>
        <scale>0.699998</scale>
        <position>0,-0.499374,1.617890</position>
        <triangledirection>0,0.999063,0.0432718</triangledirection>
        <trianglepickorigin>0,0,0</trianglepickorigin>
        <orientation>
          <row0>1,0,0</row0>
          <row1>0,0.636259,-0.771474</row1>
          <row2>0,0.771474,0.636259</row2>
        </orientation>
        <userorientation>
          <userorientation_row0>1,0,0</userorientation_row0>
          <userorientation_row1>0,0.602280,0.798283</userorientation_row1>
          <userorientation_row2>0,-0.798283,0.602280</userorientation_row2>
        </userorientation>
      </transform>
      <snapped>false</snapped>
      <handles count="1">
        <weight channel="0x2e6521f4">0</weight>
      </handles>
      <isasymmetric>false</isasymmetric>
    </blockref>
    <blockref>
      <blockid>0x40626000, 0xd05c53a3</blockid>
      <transform>
        <scale>0.315914</scale>
        <position>0,-0.347326,1.613263</position>
        <triangledirection>0,0.997120,-0.0758206</triangledirection>
        <trianglepickorigin>0,0,0</trianglepickorigin>
        <orientation>
          <row0>1,0,0</row0>
          <row1>0,0.997120,-0.0758206</row1>
          <row2>0,0.0758206,0.997120</row2>
        </orientation>
      </transform>
      <snapped>false</snapped>
      <childlist count="2">
        <childid>21</childid>
        <childid>8</childid>
      </childlist>
      <isasymmetric>false</isasymmetric>
    </blockref>
    <blockref>
      <blockid>0x40686000, 0x2c587a28</blockid>
      <transform>
        <scale>1.058500</scale>
        <position>0,-0.393216,1.661414</position>
        <triangledirection>-6.63368e-8,-0.00193654,-0.999997</triangledirection>
        <trianglepickorigin>0,0,0</trianglepickorigin>
        <orientation>
          <row0>-5.91792e-8,-0.992862,-0.119258</row0>
          <row1>-5.96045e-8,0.119258,-0.992862</row1>
          <row2>1,-5.16483e-8,-6.62369e-8</row2>
        </orientation>
        <userorientation>
          <userorientation_row0>0.992630,-0.121180,0</userorientation_row0>
          <userorientation_row1>0.121180,0.992630,0</userorientation_row1>
          <userorientation_row2>0,0,1</userorientation_row2>
        </userorientation>
      </transform>
      <snapped>false</snapped>
      <handles count="2">
        <weight channel="0x7cc96c02">1</weight>
        <weight channel="0xd02751de">0.410605</weight>
      </handles>
      <isasymmetric>false</isasymmetric>
    </blockref>
    <blockref>
      <blockid>0x40686000, 0x0d04cdf9</blockid>
      <transform>
        <scale>1.252321</scale>
        <position>0,-0.552434,1.541126</position>
        <triangledirection>0,0.932619,-0.360857</triangledirection>
        <trianglepickorigin>0,0,0</trianglepickorigin>
        <orientation>
          <row0>1,0,0</row0>
          <row1>0,0.977150,-0.212547</row1>
          <row2>0,0.212547,0.977150</row2>
        </orientation>
        <userorientation>
          <userorientation_row0>1,0,0</userorientation_row0>
          <userorientation_row1>0,0.988009,-0.154385</userorientation_row1>
          <userorientation_row2>0,0.154385,0.988009</userorientation_row2>
        </userorientation>
      </transform>
      <snapped>false</snapped>
      <symmetric>28</symmetric>
      <handles count="2">
        <weight channel="0x2e6521f4">0.440043</weight>
        <weight channel="0x7cc96c02">1</weight>
      </handles>
      <isasymmetric>false</isasymmetric>
    </blockref>
    <blockref>
      <blockid>0x40686000, 0x21fd41df</blockid>
      <transform>
        <scale>1.252321</scale>
        <position>0,-0.552434,1.541126</position>
        <triangledirection>0,0.932619,-0.360857</triangledirection>
        <trianglepickorigin>0,0,0</trianglepickorigin>
        <orientation>
          <row0>1,0,0</row0>
          <row1>0,0.977150,-0.212547</row1>
          <row2>0,0.212547,0.977150</row2>
        </orientation>
        <userorientation>
          <userorientation_row0>1,0,0</userorientation_row0>
          <userorientation_row1>0,0.988009,-0.154385</userorientation_row1>
          <userorientation_row2>0,0.154385,0.988009</userorientation_row2>
        </userorientation>
      </transform>
      <snapped>false</snapped>
      <symmetric>27</symmetric>
      <handles count="2">
        <weight channel="0x2e6521f4">0.440043</weight>
        <weight channel="0x7cc96c02">1</weight>
      </handles>
      <isasymmetric>false</isasymmetric>
    </blockref>
    <blockref>
      <blockid>0x40686000, 0x85123136</blockid>
      <transform>
        <scale>0.5</scale>
        <position>0,-0.538187,1.511881</position>
        <triangledirection>-0.805082,0.579337,0.127316</triangledirection>
        <trianglepickorigin>0,0,0</trianglepickorigin>
        <orientation>
          <row0>1,0,0</row0>
          <row1>0,0.807295,-0.590147</row1>
          <row2>0,0.590147,0.807295</row2>
        </orientation>
        <userorientation>
          <userorientation_row0>0.593162,0.532809,0.603547</userorientation_row0>
          <userorientation_row1>-0.805082,0.392560,0.444676</userorientation_row1>
          <userorientation_row2>2.92360e-8,-0.749671,0.661808</userorientation_row2>
        </userorientation>
      </transform>
      <snapped>false</snapped>
      <handles count="2">
        <weight channel="0x2e6521f4">0</weight>
        <weight channel="0x7cc96c02">0.954877</weight>
      </handles>
      <isasymmetric>false</isasymmetric>
    </blockref>
    <blockref>
      <blockid>0x40686000, 0x53b7d3c0</blockid>
      <transform>
        <scale>0.927743</scale>
        <position>0,-0.322708,1.655572</position>
        <triangledirection>0,-0.431865,-0.901938</triangledirection>
        <trianglepickorigin>0,0,0</trianglepickorigin>
        <orientation>
          <row0>-1,0,0</row0>
          <row1>0,-0.980072,-0.198634</row1>
          <row2>0,-0.198634,0.980072</row2>
        </orientation>
        <userorientation>
          <userorientation_row0>1,0,0</userorientation_row0>
          <userorientation_row1>0,0.602415,-0.798180</userorientation_row1>
          <userorientation_row2>0,0.798180,0.602415</userorientation_row2>
        </userorientation>
      </transform>
      <snapped>false</snapped>
      <childlist count="2">
        <childid>32</childid>
        <childid>31</childid>
      </childlist>
      <handles count="2">
        <weight channel="0x2e6521f4">0.446038</weight>
        <weight channel="0x7cc96c02">0.509218</weight>
      </handles>
      <isasymmetric>false</isasymmetric>
    </blockref>
    <blockref>
      <blockid>0x40686000, 0x53b7d3c0</blockid>
      <transform>
        <scale>0.509155</scale>
        <position>-0.0977234,-0.331602,1.679345</position>
        <triangledirection>0.799368,-0.0496697,-0.598783</triangledirection>
        <trianglepickorigin>0,0,0</trianglepickorigin>
        <orientation>
          <row0>0.0309218,-0.999521,1.92084e-9</row0>
          <row1>0.999064,0.0309075,-0.0302422</row1>
          <row2>0.0302278,0.000935148,0.999541</row2>
        </orientation>
        <userorientation>
          <userorientation_row0>0.971476,-0.189275,-0.142853</userorientation_row0>
          <userorientation_row1>0.0743639,0.815195,-0.574392</userorientation_row1>
          <userorientation_row2>0.225171,0.547384,0.806017</userorientation_row2>
        </userorientation>
      </transform>
      <snapped>false</snapped>
      <symmetric>32</symmetric>
      <handles count="2">
        <weight channel="0x2e6521f4">0</weight>
        <weight channel="0x7cc96c02">0.694700</weight>
      </handles>
      <isasymmetric>false</isasymmetric>
    </blockref>
    <blockref>
      <blockid>0x40686000, 0x53b7d3c0</blockid>
      <transform>
        <scale>0.509155</scale>
        <position>0.0977234,-0.331602,1.679345</position>
        <triangledirection>-0.799368,-0.0496697,-0.598783</triangledirection>
        <trianglepickorigin>0,0,0</trianglepickorigin>
        <orientation>
          <row0>0.0309218,0.999521,-1.86264e-9</row0>
          <row1>-0.999064,0.0309075,-0.0302422</row1>
          <row2>-0.0302278,0.000935148,0.999541</row2>
        </orientation>
        <userorientation>
          <userorientation_row0>0.971476,0.189274,0.142853</userorientation_row0>
          <userorientation_row1>-0.0743639,0.815195,-0.574392</userorientation_row1>
          <userorientation_row2>-0.225171,0.547384,0.806017</userorientation_row2>
        </userorientation>
      </transform>
      <snapped>false</snapped>
      <symmetric>31</symmetric>
      <handles count="2">
        <weight channel="0x2e6521f4">0</weight>
        <weight channel="0x7cc96c02">0.694700</weight>
      </handles>
      <isasymmetric>false</isasymmetric>
    </blockref>
    <blockref>
      <blockid>0x40686000, 0x2c587a29</blockid>
      <transform>
        <scale>1.349858</scale>
        <position>0,-0.249182,1.315569</position>
        <triangledirection>-0.481489,0.345995,0.805266</triangledirection>
        <trianglepickorigin>0,0,0</trianglepickorigin>
        <orientation>
          <row0>0,-0.652890,-0.757452</row0>
          <row1>0,0.757452,-0.652890</row1>
          <row2>1,0,0</row2>
        </orientation>
        <userorientation>
          <userorientation_row0>0.260540,-0.962557,0.0748303</userorientation_row0>
          <userorientation_row1>-0.835847,-0.263673,-0.481489</userorientation_row1>
          <userorientation_row2>0.483193,0.0629006,-0.873251</userorientation_row2>
        </userorientation>
      </transform>
      <snapped>false</snapped>
      <handles count="2">
        <weight channel="0x7cc96c02">0</weight>
        <weight channel="0xd02751de">0.177284</weight>
      </handles>
      <isasymmetric>false</isasymmetric>
    </blockref>
    <blockref>
      <blockid>0x40686000, 0x7a070007</blockid>
      <transform>
        <scale>0.740818</scale>
        <position>0,-0.278481,0.785811</position>
        <triangledirection>0,-0.802937,-0.596060</triangledirection>
        <trianglepickorigin>0,0,0</trianglepickorigin>
        <orientation>
          <row0>1,0,0</row0>
          <row1>0,0.842697,0.538384</row1>
          <row2>0,-0.538384,0.842697</row2>
        </orientation>
        <userorientation>
          <userorientation_row0>1,0,0</userorientation_row0>
          <userorientation_row1>0,-0.997546,-0.0700095</userorientation_row1>
          <userorientation_row2>0,0.0700095,-0.997546</userorientation_row2>
        </userorientation>
      </transform>
      <snapped>false</snapped>
      <childlist count="1">
        <childid>39</childid>
      </childlist>
      <handles count="1">
        <weight channel="0x2e6521f4">0</weight>
      </handles>
      <isasymmetric>false</isasymmetric>
    </blockref>
    <blockref>
      <blockid>0x40686000, 0x1875548c</blockid>
      <transform>
        <scale>1.349858</scale>
        <position>0.253502,-0.0865411,0.854821</position>
        <triangledirection>-0.0520606,-0.938821,-0.340442</triangledirection>
        <trianglepickorigin>0,0,0</trianglepickorigin>
        <orientation>
          <row0>-0.544037,0.839060,-1.49010e-8</row0>
          <row1>-0.806734,-0.523078,-0.274892</row1>
          <row2>-0.230651,-0.149552,0.961475</row2>
        </orientation>
        <userorientation>
          <userorientation_row0>-0.378466,-0.206805,0.902216</userorientation_row0>
          <userorientation_row1>-0.759405,0.626663,-0.174915</userorientation_row1>
          <userorientation_row2>-0.529211,-0.751348,-0.394219</userorientation_row2>
        </userorientation>
      </transform>
      <snapped>false</snapped>
      <symmetric>36</symmetric>
      <handles count="2">
        <weight channel="0x2e6521f4">0.503620</weight>
        <weight channel="0xd02751de">0</weight>
      </handles>
      <isasymmetric>false</isasymmetric>
    </blockref>
    <blockref>
      <blockid>0x40686000, 0x42e62b1a</blockid>
      <transform>
        <scale>1.349858</scale>
        <position>-0.253502,-0.0865411,0.854821</position>
        <triangledirection>0.0520606,-0.938821,-0.340442</triangledirection>
        <trianglepickorigin>0,0,0</trianglepickorigin>
        <orientation>
          <row0>-0.544037,-0.839060,1.49010e-8</row0>
          <row1>0.806734,-0.523078,-0.274892</row1>
          <row2>0.230651,-0.149552,0.961475</row2>
        </orientation>
        <userorientation>
          <userorientation_row0>-0.378466,0.206805,-0.902216</userorientation_row0>
          <userorientation_row1>0.759405,0.626663,-0.174915</userorientation_row1>
          <userorientation_row2>0.529211,-0.751348,-0.394219</userorientation_row2>
        </userorientation>
      </transform>
      <snapped>false</snapped>
      <symmetric>35</symmetric>
      <handles count="2">
        <weight channel="0x2e6521f4">0.503620</weight>
        <weight channel="0xd02751de">0</weight>
      </handles>
      <isasymmetric>false</isasymmetric>
    </blockref>
    <blockref>
      <blockid>0x40686000, 0x42e62b1a</blockid>
      <transform>
        <scale>1.349858</scale>
        <position>-0.183967,0.110459,0.940620</position>
        <triangledirection>-0.825703,-0.515407,-0.229276</triangledirection>
        <trianglepickorigin>0,0,0</trianglepickorigin>
        <orientation>
          <row0>-0.719905,-0.694069,0</row0>
          <row1>0.685775,-0.711302,0.154137</row1>
          <row2>-0.106982,0.110964,0.988048</row2>
        </orientation>
        <userorientation>
          <userorientation_row0>-0.247612,-0.218457,-0.943907</userorientation_row0>
          <userorientation_row1>0.952157,-0.234977,-0.195393</userorientation_row1>
          <userorientation_row2>-0.179112,-0.947133,0.266191</userorientation_row2>
        </userorientation>
      </transform>
      <snapped>false</snapped>
      <symmetric>38</symmetric>
      <handles count="2">
        <weight channel="0x2e6521f4">0.503620</weight>
        <weight channel="0xd02751de">0</weight>
      </handles>
      <isasymmetric>false</isasymmetric>
    </blockref>
    <blockref>
      <blockid>0x40686000, 0x1875548c</blockid>
      <transform>
        <scale>1.349858</scale>
        <position>0.183967,0.110459,0.940620</position>
        <triangledirection>0.825703,-0.515407,-0.229276</triangledirection>
        <trianglepickorigin>0,0,0</trianglepickorigin>
        <orientation>
          <row0>-0.719905,0.694069,0</row0>
          <row1>-0.685775,-0.711302,0.154137</row1>
          <row2>0.106982,0.110964,0.988048</row2>
        </orientation>
        <userorientation>
          <userorientation_row0>-0.247612,0.218457,0.943907</userorientation_row0>
          <userorientation_row1>-0.952157,-0.234977,-0.195393</userorientation_row1>
          <userorientation_row2>0.179112,-0.947133,0.266191</userorientation_row2>
        </userorientation>
      </transform>
      <snapped>false</snapped>
      <symmetric>37</symmetric>
      <handles count="2">
        <weight channel="0x2e6521f4">0.503620</weight>
        <weight channel="0xd02751de">0</weight>
      </handles>
      <isasymmetric>false</isasymmetric>
    </blockref>
    <blockref>
      <blockid>0x40686000, 0xc75c961e</blockid>
      <transform>
        <scale>0.687288</scale>
        <position>0,-0.260446,0.749786</position>
        <triangledirection>0,0.759491,0.650515</triangledirection>
        <trianglepickorigin>0,0,0</trianglepickorigin>
        <orientation>
          <row0>1,0,0</row0>
          <row1>0,0.759491,0.650515</row1>
          <row2>0,-0.650515,0.759491</row2>
        </orientation>
      </transform>
      <snapped>false</snapped>
      <handles count="1">
        <weight channel="0x7cc96c02">0.669165</weight>
      </handles>
      <isasymmetric>false</isasymmetric>
    </blockref>
    <blockref>
      <blockid>0x40686000, 0x42e62b1a</blockid>
      <transform>
        <scale>2.037250</scale>
        <position>-0.247061,-0.00966383,0.134496</position>
        <triangledirection>-0.0678571,0.963912,0.257425</triangledirection>
        <trianglepickorigin>0,0,0</trianglepickorigin>
        <orientation>
          <row0>0.985907,-0.167291,1.49010e-8</row0>
          <row1>0.100879,0.594519,-0.797726</row1>
          <row2>0.133452,0.786485,0.603016</row2>
        </orientation>
        <userorientation>
          <userorientation_row0>0.971724,0.142379,0.188354</userorientation_row0>
          <userorientation_row1>-0.228156,0.360863,0.904280</userorientation_row1>
          <userorientation_row2>0.0607817,-0.921685,0.383145</userorientation_row2>
        </userorientation>
      </transform>
      <snapped>false</snapped>
      <symmetric>41</symmetric>
      <handles count="2">
        <weight channel="0x2e6521f4">0.358664</weight>
        <weight channel="0xd02751de">0.789992</weight>
      </handles>
      <isasymmetric>false</isasymmetric>
    </blockref>
    <blockref>
      <blockid>0x40686000, 0x1875548c</blockid>
      <transform>
        <scale>2.037250</scale>
        <position>0.247061,-0.00966383,0.134496</position>
        <triangledirection>0.0678571,0.963912,0.257425</triangledirection>
        <trianglepickorigin>0,0,0</trianglepickorigin>
        <orientation>
          <row0>0.985907,0.167291,-1.49010e-8</row0>
          <row1>-0.100879,0.594519,-0.797726</row1>
          <row2>-0.133452,0.786485,0.603016</row2>
        </orientation>
        <userorientation>
          <userorientation_row0>0.971724,-0.142379,-0.188354</userorientation_row0>
          <userorientation_row1>0.228156,0.360863,0.904280</userorientation_row1>
          <userorientation_row2>-0.0607817,-0.921685,0.383145</userorientation_row2>
        </userorientation>
      </transform>
      <snapped>false</snapped>
      <symmetric>40</symmetric>
      <handles count="2">
        <weight channel="0x2e6521f4">0.358664</weight>
        <weight channel="0xd02751de">0.789992</weight>
      </handles>
      <isasymmetric>false</isasymmetric>
    </blockref>
    <blockref>
      <blockid>0x40686000, 0x42e62b1a</blockid>
      <transform>
        <scale>1.509232</scale>
        <position>-0.166980,0.0987809,0.111752</position>
        <triangledirection>-0.0305630,0.922492,0.384804</triangledirection>
        <trianglepickorigin>0,0,0</trianglepickorigin>
        <orientation>
          <row0>0.153956,0.988076,-4.84286e-8</row0>
