<?xml version="1.0" encoding="UTF-8"?><sporemodel>
  <formatversion>18</formatversion>
  <properties>
    <modeltype>0x4178b8e8</modeltype>
    <skineffect1>0x8ec5176c</skineffect1>
    <skineffect2>0xcf48a38f</skineffect2>
    <skineffect3>0xdd5391a5</skineffect3>
    <skineffectseed1>1234</skineffectseed1>
    <skineffectseed2>1234</skineffectseed2>
    <skineffectseed3>1234</skineffectseed3>
    <skincolor1>0.694117,0.556860,0.505882</skincolor1>
    <skincolor2>0.0823523,0.0823523,0.0823523</skincolor2>
    <skincolor3>0.607842,1,0.0509802</skincolor3>
    <zcorpscore>0</zcorpscore>
  </properties>
  <blocks count="43">
    <blockref>
      <blockid>0x40626000, 0xd05c53a3</blockid>
      <transform>
        <scale>0.855265</scale>
        <position>0,-0.00455226,1.372727</position>
        <triangledirection>0,0.00714999,0.999974</triangledirection>
        <trianglepickorigin>0,0,0</trianglepickorigin>
        <orientation>
          <row0>1,0,0</row0>
          <row1>0,0.00714999,0.999974</row1>
          <row2>0,-0.999974,0.00714999</row2>
        </orientation>
      </transform>
      <snapped>false</snapped>
      <childlist count="3">
        <childid>10</childid>
        <childid>8</childid>
        <childid>1</childid>
      </childlist>
      <isasymmetric>false</isasymmetric>
    </blockref>
    <blockref>
      <blockid>0x40626000, 0xd05c53a3</blockid>
      <transform>
        <scale>1.021877</scale>
        <position>0,-0.000662343,1.483600</position>
        <triangledirection>0,0.0629511,0.998015</triangledirection>
        <trianglepickorigin>0,0,0</trianglepickorigin>
        <orientation>
          <row0>1,0,0</row0>
          <row1>0,0.0629511,0.998015</row1>
          <row2>0,-0.998015,0.0629511</row2>
        </orientation>
      </transform>
      <snapped>false</snapped>
      <childlist count="3">
        <childid>36</childid>
        <childid>35</childid>
        <childid>2</childid>
      </childlist>
      <isasymmetric>false</isasymmetric>
    </blockref>
    <blockref>
      <blockid>0x40626000, 0xd05c53a3</blockid>
      <transform>
        <scale>0.921934</scale>
        <position>0,0.0125273,1.592897</position>
        <triangledirection>0,0.176272,0.984341</triangledirection>
        <trianglepickorigin>0,0,0</trianglepickorigin>
        <orientation>
          <row0>1,0,0</row0>
          <row1>0,0.176272,0.984341</row1>
          <row2>0,-0.984341,0.176272</row2>
        </orientation>
      </transform>
      <snapped>false</snapped>
      <childlist count="1">
        <childid>3</childid>
      </childlist>
      <isasymmetric>false</isasymmetric>
    </blockref>
    <blockref>
      <blockid>0x40626000, 0xd05c53a3</blockid>
      <transform>
        <scale>0.798416</scale>
        <position>0,0.0325795,1.702658</position>
        <triangledirection>0,0.183148,0.983084</triangledirection>
        <trianglepickorigin>0,0,0</trianglepickorigin>
        <orientation>
          <row0>1,0,0</row0>
          <row1>0,0.183148,0.983084</row1>
          <row2>0,-0.983084,0.183148</row2>
        </orientation>
      </transform>
      <snapped>false</snapped>
      <childlist count="1">
        <childid>4</childid>
      </childlist>
      <isasymmetric>false</isasymmetric>
    </blockref>
    <blockref>
      <blockid>0x40626000, 0xd05c53a3</blockid>
      <transform>
        <scale>0.737586</scale>
        <position>0,0.0550393,1.811542</position>
        <triangledirection>0,0.220815,0.975314</triangledirection>
        <trianglepickorigin>0,0,0</trianglepickorigin>
        <orientation>
          <row0>1,0,0</row0>
          <row1>0,0.220815,0.975314</row1>
          <row2>0,-0.975314,0.220815</row2>
        </orientation>
      </transform>
      <snapped>false</snapped>
      <childlist count="3">
        <childid>17</childid>
        <childid>14</childid>
        <childid>5</childid>
      </childlist>
      <isasymmetric>false</isasymmetric>
    </blockref>
    <blockref>
      <blockid>0x40626000, 0xd05c53a3</blockid>
      <transform>
        <scale>0.667836</scale>
        <position>0,0.0574867,1.925817</position>
        <triangledirection>0,-0.178855,0.983874</triangledirection>
        <trianglepickorigin>0,0,0</trianglepickorigin>
        <orientation>
          <row0>1,0,0</row0>
          <row1>0,-0.178855,0.983874</row1>
          <row2>0,-0.983874,-0.178855</row2>
        </orientation>
      </transform>
      <snapped>false</snapped>
      <childlist count="1">
        <childid>6</childid>
      </childlist>
      <isasymmetric>false</isasymmetric>
    </blockref>
    <blockref>
      <blockid>0x40626000, 0xd05c53a3</blockid>
      <transform>
        <scale>0.395931</scale>
        <position>0,0.00716065,2.028213</position>
        <triangledirection>0,-0.669700,0.742631</triangledirection>
        <trianglepickorigin>0,0,0</trianglepickorigin>
        <orientation>
          <row0>1,0,0</row0>
          <row1>0,-0.669700,0.742631</row1>
          <row2>0,-0.742631,-0.669700</row2>
        </orientation>
      </transform>
      <snapped>false</snapped>
      <childlist count="1">
        <childid>7</childid>
      </childlist>
      <isasymmetric>false</isasymmetric>
    </blockref>
    <blockref>
      <blockid>0x40626000, 0xd05c53a3</blockid>
      <transform>
        <scale>0.629647</scale>
        <position>0,-0.0743798,2.106621</position>
        <triangledirection>0,-0.768293,0.640097</triangledirection>
        <trianglepickorigin>0,0,0</trianglepickorigin>
        <orientation>
          <row0>1,0,0</row0>
          <row1>0,-0.768293,0.640097</row1>
          <row2>0,-0.640097,-0.768293</row2>
        </orientation>
      </transform>
      <snapped>false</snapped>
      <childlist count="8">
        <childid>40</childid>
        <childid>39</childid>
        <childid>38</childid>
        <childid>37</childid>
        <childid>28</childid>
        <childid>27</childid>
        <childid>26</childid>
        <childid>22</childid>
      </childlist>
      <isasymmetric>false</isasymmetric>
    </blockref>
    <blockref>
      <blockid>0x40626000, 0xdec3c22a</blockid>
      <transform>
        <limbtype>0</limbtype>
        <musclescale>0.324999</musclescale>
        <basemusclescale>2.349997</basemusclescale>
        <scale>1</scale>
        <position>0.151693,0.179609,1.275202</position>
        <triangledirection>-0.0206471,0.334405,0.942201</triangledirection>
        <trianglepickorigin>0,0,0</trianglepickorigin>
        <orientation>
          <row0>-0.999321,-0.0356278,-0.00925389</row0>
          <row1>-0.0206471,0.334405,0.942201</row1>
          <row2>-0.0304741,0.941754,-0.334915</row2>
        </orientation>
      </transform>
      <snapped>false</snapped>
      <childlist count="1">
        <childid>9</childid>
      </childlist>
      <symmetric>10</symmetric>
      <handles count="1">
        <weight channel="0xf320ba37">0.201306</weight>
      </handles>
      <isasymmetric>false</isasymmetric>
    </blockref>
    <blockref>
      <blockid>0x40626000, 0x33fccc91</blockid>
      <transform>
        <limbtype>0</limbtype>
        <musclescale>0.25</musclescale>
        <basemusclescale>0.999996</basemusclescale>
        <scale>1</scale>
        <position>0.164654,-0.0303540,0.683609</position>
        <triangledirection>0.00655587,-0.419640,0.907666</triangledirection>
        <trianglepickorigin>0,0,0</trianglepickorigin>
        <orientation>
          <row0>-0.999321,-0.0356278,-0.00925388</row0>
          <row1>0.00655587,-0.419640,0.907666</row1>
          <row2>-0.0362215,0.906991,0.419589</row2>
        </orientation>
      </transform>
      <snapped>true</snapped>
      <childlist count="1">
        <childid>13</childid>
      </childlist>
      <symmetric>11</symmetric>
      <handles count="1">
        <weight channel="0xf320ba37">0.191156</weight>
      </handles>
      <isasymmetric>false</isasymmetric>
    </blockref>
    <blockref>
      <blockid>0x40626000, 0xdec3c22a</blockid>
      <transform>
        <limbtype>0</limbtype>
        <musclescale>0.324999</musclescale>
        <basemusclescale>2.349997</basemusclescale>
        <scale>1</scale>
        <position>-0.151693,0.179609,1.275202</position>
        <triangledirection>0.0206471,0.334405,0.942201</triangledirection>
        <trianglepickorigin>0,0,0</trianglepickorigin>
        <orientation>
          <row0>-0.999321,0.0356278,0.00925389</row0>
          <row1>0.0206471,0.334405,0.942201</row1>
          <row2>0.0304741,0.941754,-0.334915</row2>
        </orientation>
      </transform>
      <snapped>false</snapped>
      <childlist count="1">
        <childid>11</childid>
      </childlist>
      <symmetric>8</symmetric>
      <handles count="1">
        <weight channel="0xf320ba37">0.201306</weight>
      </handles>
      <isasymmetric>false</isasymmetric>
    </blockref>
    <blockref>
      <blockid>0x40626000, 0x33fccc91</blockid>
      <transform>
        <limbtype>0</limbtype>
        <musclescale>0.25</musclescale>
        <basemusclescale>0.999996</basemusclescale>
        <scale>1</scale>
        <position>-0.164654,-0.0303540,0.683609</position>
        <triangledirection>-0.00655587,-0.419640,0.907666</triangledirection>
        <trianglepickorigin>0,0,0</trianglepickorigin>
        <orientation>
          <row0>-0.999321,0.0356278,0.00925388</row0>
          <row1>-0.00655587,-0.419640,0.907666</row1>
          <row2>0.0362215,0.906991,0.419589</row2>
        </orientation>
      </transform>
      <snapped>true</snapped>
      <childlist count="1">
        <childid>12</childid>
      </childlist>
      <symmetric>9</symmetric>
      <handles count="1">
        <weight channel="0xf320ba37">0.191156</weight>
      </handles>
      <isasymmetric>false</isasymmetric>
    </blockref>
    <blockref>
      <blockid>0x40626000, 0x5b479808</blockid>
      <transform>
        <basemusclescale>0.742191</basemusclescale>
        <scale>0.860705</scale>
        <position>-0.160712,0.222181,0.137382</position>
        <triangledirection>-4.52257e-5,1,6.45867e-6</triangledirection>
        <trianglepickorigin>0,0,0</trianglepickorigin>
        <orientation>
          <row0>1,4.52243e-5,0.000209275</row0>
          <row1>-4.52257e-5,1,6.45867e-6</row1>
          <row2>-0.000209274,-6.46812e-6,1</row2>
        </orientation>
      </transform>
      <snapped>true</snapped>
      <symmetric>13</symmetric>
      <handles count="1">
        <weight channel="0x2e6521f4">0.636429</weight>
      </handles>
      <isasymmetric>false</isasymmetric>
    </blockref>
    <blockref>
      <blockid>0x40626000, 0x540e5be6</blockid>
      <transform>
        <basemusclescale>0.742191</basemusclescale>
        <scale>0.860705</scale>
        <position>0.160712,0.222181,0.137382</position>
        <triangledirection>4.52257e-5,1,6.45867e-6</triangledirection>
        <trianglepickorigin>0,0,0</trianglepickorigin>
        <orientation>
          <row0>1,-4.52243e-5,-0.000209275</row0>
          <row1>4.52257e-5,1,6.45867e-6</row1>
          <row2>0.000209274,-6.46812e-6,1</row2>
        </orientation>
      </transform>
      <snapped>true</snapped>
      <symmetric>12</symmetric>
      <handles count="1">
        <weight channel="0x2e6521f4">0.636429</weight>
      </handles>
      <isasymmetric>false</isasymmetric>
    </blockref>
    <blockref>
      <blockid>0x40626000, 0x2051ae2d</blockid>
      <transform>
        <limbtype>0</limbtype>
        <musclescale>0.75</musclescale>
        <basemusclescale>1.149994</basemusclescale>
        <scale>1</scale>
        <position>0.145688,0.125468,1.908324</position>
        <triangledirection>-0.519087,0.650164,0.554827</triangledirection>
        <trianglepickorigin>0,0,0</trianglepickorigin>
        <orientation>
          <row0>0.416386,-0.374536,0.828458</row0>
          <row1>-0.519087,0.650164,0.554827</row1>
          <row2>-0.746438,-0.661064,0.0763029</row2>
        </orientation>
      </transform>
      <snapped>false</snapped>
      <childlist count="1">
        <childid>15</childid>
      </childlist>
      <symmetric>17</symmetric>
      <handles count="1">
        <weight channel="0xf320ba37">0.0705548</weight>
      </handles>
      <isasymmetric>false</isasymmetric>
    </blockref>
    <blockref>
      <blockid>0x40626000, 0x2051ae2d</blockid>
      <transform>
        <limbtype>0</limbtype>
        <musclescale>0.5</musclescale>
        <basemusclescale>1.149997</basemusclescale>
        <scale>1</scale>
        <position>0.272448,-0.0332988,1.772837</position>
        <triangledirection>0.119159,0.925827,0.358666</triangledirection>
        <trianglepickorigin>0,0,0</trianglepickorigin>
        <orientation>
          <row0>0.416386,-0.374536,0.828458</row0>
          <row1>0.119159,0.925827,0.358666</row1>
          <row2>-0.901344,-0.0506248,0.430132</row2>
        </orientation>
      </transform>
      <snapped>true</snapped>
      <childlist count="1">
        <childid>16</childid>
      </childlist>
      <symmetric>18</symmetric>
      <handles count="1">
        <weight channel="0xf320ba37">0.111216</weight>
      </handles>
      <isasymmetric>false</isasymmetric>
    </blockref>
    <blockref>
      <blockid>0x40626000, 0x2051ae2d</blockid>
      <transform>
        <limbtype>0</limbtype>
        <musclescale>0.324999</musclescale>
        <basemusclescale>0.999997</basemusclescale>
        <scale>1</scale>
        <position>0.228982,-0.371001,1.642011</position>
        <triangledirection>0.260360,0.609919,-0.748471</triangledirection>
        <trianglepickorigin>0,0,0</trianglepickorigin>
        <orientation>
          <row0>0.965201,-0.144762,0.217784</row0>
          <row1>0.260360,0.609919,-0.748471</row1>
          <row2>-0.0244794,0.779128,0.626385</row2>
        </orientation>
      </transform>
      <snapped>true</snapped>
      <childlist count="1">
        <childid>21</childid>
      </childlist>
      <symmetric>19</symmetric>
      <handles count="1">
        <weight channel="0xf320ba37">0.0779251</weight>
      </handles>
      <isasymmetric>false</isasymmetric>
    </blockref>
    <blockref>
      <blockid>0x40626000, 0x2051ae2d</blockid>
      <transform>
        <limbtype>0</limbtype>
        <musclescale>0.75</musclescale>
        <basemusclescale>1.149994</basemusclescale>
        <scale>1</scale>
        <position>-0.145688,0.125468,1.908324</position>
        <triangledirection>0.519087,0.650164,0.554827</triangledirection>
        <trianglepickorigin>0,0,0</trianglepickorigin>
        <orientation>
          <row0>0.416386,0.374536,-0.828458</row0>
          <row1>0.519087,0.650164,0.554827</row1>
          <row2>0.746438,-0.661064,0.0763029</row2>
        </orientation>
      </transform>
      <snapped>false</snapped>
      <childlist count="1">
        <childid>18</childid>
      </childlist>
      <symmetric>14</symmetric>
      <handles count="1">
        <weight channel="0xf320ba37">0.0705548</weight>
      </handles>
      <isasymmetric>false</isasymmetric>
    </blockref>
    <blockref>
      <blockid>0x40626000, 0x2051ae2d</blockid>
      <transform>
        <limbtype>0</limbtype>
        <musclescale>0.5</musclescale>
        <basemusclescale>1.149997</basemusclescale>
        <scale>1</scale>
        <position>-0.272448,-0.0332988,1.772837</position>
        <triangledirection>-0.119159,0.925827,0.358666</triangledirection>
        <trianglepickorigin>0,0,0</trianglepickorigin>
        <orientation>
          <row0>0.416386,0.374536,-0.828458</row0>
          <row1>-0.119159,0.925827,0.358666</row1>
          <row2>0.901344,-0.0506248,0.430132</row2>
        </orientation>
      </transform>
      <snapped>true</snapped>
      <childlist count="1">
        <childid>19</childid>
      </childlist>
      <symmetric>15</symmetric>
      <handles count="1">
        <weight channel="0xf320ba37">0.111216</weight>
      </handles>
      <isasymmetric>false</isasymmetric>
    </blockref>
    <blockref>
      <blockid>0x40626000, 0x2051ae2d</blockid>
      <transform>
        <limbtype>0</limbtype>
        <musclescale>0.324999</musclescale>
        <basemusclescale>0.999997</basemusclescale>
        <scale>1</scale>
        <position>-0.228982,-0.371001,1.642011</position>
        <triangledirection>-0.260360,0.609919,-0.748471</triangledirection>
        <trianglepickorigin>0,0,0</trianglepickorigin>
        <orientation>
          <row0>0.965201,0.144762,-0.217784</row0>
          <row1>-0.260360,0.609919,-0.748471</row1>
          <row2>0.0244794,0.779128,0.626385</row2>
        </orientation>
      </transform>
      <snapped>true</snapped>
      <childlist count="1">
        <childid>20</childid>
      </childlist>
      <symmetric>16</symmetric>
      <handles count="1">
        <weight channel="0xf320ba37">0.0779251</weight>
      </handles>
      <isasymmetric>false</isasymmetric>
    </blockref>
    <blockref>
      <blockid>0x40626000, 0x8738c83d</blockid>
      <transform>
        <basemusclescale>0.965921</basemusclescale>
        <scale>1.161834</scale>
        <position>-0.159714,-0.533270,1.841140</position>
        <triangledirection>-0.598760,0.423658,-0.679705</triangledirection>
        <trianglepickorigin>0,0,0</trianglepickorigin>
        <orientation>
          <row0>0.300467,0.787896,0.537527</row0>
          <row1>-0.260360,0.609919,-0.748471</row1>
          <row2>-0.917568,0.0849407,0.388397</row2>
        </orientation>
        <userorientation>
          <userorientation_row0>0.883022,0.321391,-0.342020</userorientation_row0>
          <userorientation_row1>-0.211468,0.923030,0.321393</userorientation_row1>
          <userorientation_row2>0.418987,-0.211469,0.883022</userorientation_row2>
        </userorientation>
      </transform>
      <snapped>true</snapped>
      <symmetric>21</symmetric>
      <isasymmetric>false</isasymmetric>
    </blockref>
    <blockref>
      <blockid>0x40626000, 0xd82377eb</blockid>
      <transform>
        <basemusclescale>0.965921</basemusclescale>
        <scale>1.161834</scale>
        <position>0.159714,-0.533270,1.841140</position>
        <triangledirection>0.598760,0.423658,-0.679705</triangledirection>
        <trianglepickorigin>0,0,0</trianglepickorigin>
        <orientation>
          <row0>0.300467,-0.787896,-0.537527</row0>
          <row1>0.260360,0.609919,-0.748471</row1>
          <row2>0.917568,0.0849407,0.388397</row2>
        </orientation>
        <userorientation>
          <userorientation_row0>0.883022,-0.321391,0.342020</userorientation_row0>
          <userorientation_row1>0.211468,0.923030,0.321393</userorientation_row1>
          <userorientation_row2>-0.418987,-0.211469,0.883022</userorientation_row2>
        </userorientation>
      </transform>
      <snapped>true</snapped>
      <childlist count="1">
        <childid>42</childid>
      </childlist>
      <symmetric>20</symmetric>
      <isasymmetric>false</isasymmetric>
    </blockref>
    <blockref>
      <blockid>0x40626000, 0xd05c53a3</blockid>
      <transform>
        <scale>0.669103</scale>
        <position>0,-0.163443,2.175348</position>
        <triangledirection>0,-0.813970,0.580904</triangledirection>
        <trianglepickorigin>0,0,0</trianglepickorigin>
        <orientation>
          <row0>1,0,0</row0>
          <row1>0,-0.813970,0.580904</row1>
          <row2>0,-0.580904,-0.813970</row2>
        </orientation>
      </transform>
      <snapped>false</snapped>
      <childlist count="9">
        <childid>41</childid>
        <childid>34</childid>
        <childid>33</childid>
        <childid>32</childid>
        <childid>31</childid>
        <childid>30</childid>
        <childid>29</childid>
        <childid>24</childid>
        <childid>23</childid>
      </childlist>
      <isasymmetric>false</isasymmetric>
    </blockref>
    <blockref>
      <blockid>0x40626000, 0xf554a0b8</blockid>
      <transform>
        <scale>0.699998</scale>
        <position>-0.0674275,-0.182602,2.161544</position>
        <triangledirection>0.0195854,0.965444,0.259858</triangledirection>
        <trianglepickorigin>0,0,0</trianglepickorigin>
        <orientation>
          <row0>0.797462,-0.603366,2.68219e-7</row0>
          <row1>0.461311,0.609710,0.644547</row1>
          <row2>-0.388898,-0.514002,0.764563</row2>
        </orientation>
        <userorientation>
          <userorientation_row0>0.821415,0.496968,-0.279816</userorientation_row0>
          <userorientation_row1>-0.566899,0.765169,-0.305180</userorientation_row1>
          <userorientation_row2>0.0624415,0.409310,0.910255</userorientation_row2>
        </userorientation>
      </transform>
      <snapped>false</snapped>
      <symmetric>24</symmetric>
      <isasymmetric>false</isasymmetric>
    </blockref>
    <blockref>
      <blockid>0x40626000, 0x6676e396</blockid>
      <transform>
        <scale>0.699998</scale>
        <position>0.0674275,-0.182602,2.161544</position>
        <triangledirection>-0.0195854,0.965444,0.259858</triangledirection>
        <trianglepickorigin>0,0,0</trianglepickorigin>
        <orientation>
          <row0>0.797462,0.603366,-2.68219e-7</row0>
          <row1>-0.461311,0.609710,0.644547</row1>
          <row2>0.388898,-0.514002,0.764563</row2>
        </orientation>
        <userorientation>
          <userorientation_row0>0.821415,-0.496968,0.279816</userorientation_row0>
          <userorientation_row1>0.566899,0.765169,-0.305180</userorientation_row1>
          <userorientation_row2>-0.0624415,0.409310,0.910255</userorientation_row2>
        </userorientation>
      </transform>
      <snapped>false</snapped>
      <symmetric>23</symmetric>
      <isasymmetric>false</isasymmetric>
    </blockref>
    <blockref>
      <blockid>0x40626000, 0x06fa3d43</blockid>
      <transform>
        <scale>0.740818</scale>
        <position>1.20782e-5,-0.234830,2.083564</position>
        <triangledirection>-0.00166132,0.940702,0.339226</triangledirection>
        <trianglepickorigin>0,0,0</trianglepickorigin>
        <orientation>
          <row0>0.999997,0.00176605,1.12049e-8</row0>
          <row1>-0.00171728,0.972382,-0.233386</row1>
          <row2>-0.000412185,0.233385,0.972383</row2>
        </orientation>
        <userorientation>
          <userorientation_row0>1,0,0</userorientation_row0>
          <userorientation_row1>0,0.835554,0.549407</userorientation_row1>
          <userorientation_row2>0,-0.549407,0.835554</userorientation_row2>
        </userorientation>
      </transform>
      <snapped>false</snapped>
      <handles count="1">
        <weight channel="0x2e6521f4">0.0589317</weight>
      </handles>
      <isasymmetric>false</isasymmetric>
    </blockref>
    <blockref>
      <blockid>0x40626000, 0xe70274e0</blockid>
      <transform>
        <scale>1</scale>
        <position>-0.132826,-0.0249371,2.152925</position>
        <triangledirection>0.798588,0.0592165,0.598954</triangledirection>
        <trianglepickorigin>0,0,0</trianglepickorigin>
        <orientation>
          <row0>0.0474863,-0.998871,2.14203e-8</row0>
          <row1>0.959313,0.0456059,0.278631</row1>
          <row2>-0.278317,-0.0132312,0.960397</row2>
        </orientation>
        <userorientation>
          <userorientation_row0>0.999741,0.0226844,-1.00278e-5</userorientation_row0>
          <userorientation_row1>-0.0212276,0.935687,0.352189</userorientation_row1>
          <userorientation_row2>0.00799866,-0.352097,0.935926</userorientation_row2>
        </userorientation>
      </transform>
      <snapped>false</snapped>
      <symmetric>27</symmetric>
      <handles count="1">
        <weight channel="0xd02751de">0.0467602</weight>
      </handles>
      <isasymmetric>false</isasymmetric>
    </blockref>
    <blockref>
      <blockid>0x40626000, 0xd6ade96e</blockid>
      <transform>
        <scale>1</scale>
        <position>0.132826,-0.0249371,2.152925</position>
        <triangledirection>-0.798588,0.0592165,0.598954</triangledirection>
        <trianglepickorigin>0,0,0</trianglepickorigin>
        <orientation>
          <row0>0.0474863,0.998871,-1.18277e-7</row0>
          <row1>-0.959313,0.0456059,0.278631</row1>
          <row2>0.278317,-0.0132310,0.960397</row2>
        </orientation>
        <userorientation>
          <userorientation_row0>0.999741,-0.0226844,1.00278e-5</userorientation_row0>
          <userorientation_row1>0.0212276,0.935687,0.352189</userorientation_row1>
          <userorientation_row2>-0.00799866,-0.352097,0.935926</userorientation_row2>
        </userorientation>
      </transform>
      <snapped>false</snapped>
      <symmetric>26</symmetric>
      <handles count="1">
        <weight channel="0xd02751de">0.0467602</weight>
      </handles>
      <isasymmetric>false</isasymmetric>
    </blockref>
    <blockref>
      <blockid>0x40626000, 0xfb60af37</blockid>
      <transform>
        <scale>1</scale>
        <position>0,-0.104148,2.080131</position>
        <triangledirection>-0.000996827,0.564436,0.825474</triangledirection>
        <trianglepickorigin>0,0,0</trianglepickorigin>
        <orientation>
          <row0>0.999997,0.00176605,3.08500e-9</row0>
          <row1>-0.000996827,0.564436,0.825474</row1>
          <row2>0.00145782,-0.825474,0.564436</row2>
        </orientation>
      </transform>
      <snapped>false</snapped>
      <childlist count="1">
        <childid>25</childid>
      </childlist>
      <handles count="3">
        <weight channel="0xd02751de">0.749661</weight>
        <weight channel="0x2e6521f4">0.251673</weight>
        <weight channel="0x7cc96c02">0.5</weight>
      </handles>
      <isasymmetric>false</isasymmetric>
    </blockref>
    <blockref>
      <blockid>0x40626000, 0x2275f76c</blockid>
      <transform>
        <scale>0.800000</scale>
        <position>-0.106932,-0.175393,2.200145</position>
        <triangledirection>0.259611,0.363436,-0.894715</triangledirection>
        <trianglepickorigin>0,0,0</trianglepickorigin>
        <orientation>
          <row0>0.582517,-0.812816,-4.47033e-8</row0>
          <row1>0.739279,0.529815,0.415643</row1>
          <row2>-0.337841,-0.242118,0.909527</row2>
        </orientation>
        <userorientation>
          <userorientation_row0>-0.988717,0.0391747,0.144568</userorientation_row0>
          <userorientation_row1>-0.144179,0.0125979,-0.989471</userorientation_row1>
          <userorientation_row2>-0.0405836,-0.999152,-0.00680766</userorientation_row2>
        </userorientation>
      </transform>
      <snapped>false</snapped>
      <symmetric>30</symmetric>
      <handles count="2">
        <weight channel="0x2e6521f4">0.606887</weight>
        <weight channel="0xd02751de">0</weight>
      </handles>
      <isasymmetric>false</isasymmetric>
    </blockref>
    <blockref>
      <blockid>0x40626000, 0x2275f76c</blockid>
      <transform>
        <scale>0.800000</scale>
        <position>0.106932,-0.175393,2.200145</position>
        <triangledirection>-0.259611,0.363436,-0.894715</triangledirection>
        <trianglepickorigin>0,0,0</trianglepickorigin>
        <orientation>
          <row0>0.582517,0.812816,4.47033e-8</row0>
          <row1>-0.739279,0.529815,0.415643</row1>
          <row2>0.337841,-0.242118,0.909527</row2>
        </orientation>
        <userorientation>
          <userorientation_row0>-0.988718,-0.0391747,-0.144568</userorientation_row0>
          <userorientation_row1>0.144179,0.0125979,-0.989471</userorientation_row1>
          <userorientation_row2>0.0405836,-0.999153,-0.00680766</userorientation_row2>
        </userorientation>
      </transform>
      <snapped>false</snapped>
      <symmetric>29</symmetric>
      <handles count="2">
        <weight channel="0x2e6521f4">0.606887</weight>
        <weight channel="0xd02751de">0</weight>
      </handles>
      <isasymmetric>false</isasymmetric>
    </blockref>
    <blockref>
      <blockid>0x40626000, 0x2275f76c</blockid>
      <transform>
        <scale>0.800000</scale>
        <position>0.0635206,-0.195995,2.171890</position>
        <triangledirection>-0.171015,0.259283,-0.950538</triangledirection>
        <trianglepickorigin>0,0,0</trianglepickorigin>
        <orientation>
          <row0>0.834774,0.550590,4.47033e-8</row0>
          <row1>-0.435656,0.660515,0.611491</row1>
          <row2>0.336681,-0.510457,0.791249</row2>
        </orientation>
        <userorientation>
          <userorientation_row0>-1,0,0</userorientation_row0>
          <userorientation_row1>0,-0.335480,-0.942045</userorientation_row1>
          <userorientation_row2>0,-0.942045,0.335480</userorientation_row2>
        </userorientation>
      </transform>
      <snapped>false</snapped>
      <symmetric>32</symmetric>
      <handles count="2">
        <weight channel="0x2e6521f4">0.629680</weight>
        <weight channel="0xd02751de">0</weight>
      </handles>
      <isasymmetric>false</isasymmetric>
    </blockref>
    <blockref>
      <blockid>0x40626000, 0x2275f76c</blockid>
      <transform>
        <scale>0.800000</scale>
        <position>-0.0635206,-0.195995,2.171890</position>
        <triangledirection>0.171015,0.259283,-0.950538</triangledirection>
        <trianglepickorigin>0,0,0</trianglepickorigin>
        <orientation>
          <row0>0.834774,-0.550590,-1.49010e-8</row0>
          <row1>0.435656,0.660515,0.611491</row1>
          <row2>-0.336681,-0.510457,0.791249</row2>
        </orientation>
        <userorientation>
          <userorientation_row0>-1,0,0</userorientation_row0>
          <userorientation_row1>0,-0.335480,-0.942045</userorientation_row1>
          <userorientation_row2>0,-0.942045,0.335480</userorientation_row2>
        </userorientation>
      </transform>
      <snapped>false</snapped>
      <symmetric>31</symmetric>
      <handles count="2">
        <weight channel="0x2e6521f4">0.629680</weight>
        <weight channel="0xd02751de">0</weight>
      </handles>
      <isasymmetric>false</isasymmetric>
    </blockref>
    <blockref>
      <blockid>0x40626000, 0x2275f76c</blockid>
      <transform>
        <scale>0.800000</scale>
        <position>0.0941841,-0.0898090,2.372097</position>
        <triangledirection>0.0531071,-0.782748,0.620067</triangledirection>
        <trianglepickorigin>0,0,0</trianglepickorigin>
        <orientation>
          <row0>-0.121050,0.992645,-3.35275e-8</row0>
          <row1>-0.649612,-0.0792186,-0.756126</row1>
          <row2>-0.750567,-0.0915296,0.654424</row2>
        </orientation>
        <userorientation>
          <userorientation_row0>-0.202797,0.847065,0.491275</userorientation_row0>
          <userorientation_row1>-0.783420,-0.441339,0.437570</userorientation_row1>
          <userorientation_row2>0.587471,-0.296135,0.753112</userorientation_row2>
        </userorientation>
      </transform>
      <snapped>false</snapped>
      <symmetric>34</symmetric>
      <handles count="2">
        <weight channel="0x2e6521f4">1</weight>
        <weight channel="0xd02751de">0.251702</weight>
      </handles>
      <isasymmetric>false</isasymmetric>
    </blockref>
    <blockref>
      <blockid>0x40626000, 0x2275f76c</blockid>
      <transform>
        <scale>0.800000</scale>
        <position>-0.0941841,-0.0898090,2.372097</position>
        <triangledirection>-0.0531071,-0.782748,0.620067</triangledirection>
        <trianglepickorigin>0,0,0</trianglepickorigin>
        <orientation>
          <row0>-0.121050,-0.992645,3.72528e-8</row0>
          <row1>0.649612,-0.0792186,-0.756126</row1>
          <row2>0.750567,-0.0915296,0.654424</row2>
        </orientation>
        <userorientation>
          <userorientation_row0>-0.202797,-0.847065,-0.491275</userorientation_row0>
          <userorientation_row1>0.783420,-0.441339,0.437570</userorientation_row1>
          <userorientation_row2>-0.587471,-0.296135,0.753112</userorientation_row2>
        </userorientation>
      </transform>
      <snapped>false</snapped>
      <symmetric>33</symmetric>
      <handles count="2">
        <weight channel="0x2e6521f4">1</weight>
        <weight channel="0xd02751de">0.251702</weight>
      </handles>
      <isasymmetric>false</isasymmetric>
    </blockref>
    <blockref>
      <blockid>0x40626000, 0x309afb5b</blockid>
      <transform>
        <scale>1.252321</scale>
        <position>0,-0.0591574,1.409221</position>
        <triangledirection>0,0.145696,0.989328</triangledirection>
        <trianglepickorigin>0,0,0</trianglepickorigin>
        <orientation>
          <row0>1,0,0</row0>
          <row1>0,0.999032,0.0439732</row1>
          <row2>0,-0.0439732,0.999032</row2>
        </orientation>
        <userorientation>
          <userorientation_row0>-1,0,0</userorientation_row0>
          <userorientation_row1>0,0.189060,0.981965</userorientation_row1>
          <userorientation_row2>0,0.981965,-0.189060</userorientation_row2>
        </userorientation>
      </transform>
      <snapped>false</snapped>
      <handles count="2">
        <weight channel="0x7cc96c02">0</weight>
        <weight channel="0xd02751de">0.371623</weight>
      </handles>
      <isasymmetric>false</isasymmetric>
    </blockref>
    <blockref>
      <blockid>0x40626000, 0x309afb5b</blockid>
      <transform>
        <scale>1.252321</scale>
        <position>0,0.380073,1.435544</position>
        <triangledirection>0,-0.115030,0.993360</triangledirection>
        <trianglepickorigin>0,0,0</trianglepickorigin>
        <orientation>
          <row0>1,0,0</row0>
          <row1>0,-0.985289,0.170886</row1>
          <row2>0,-0.170886,-0.985289</row2>
        </orientation>
        <userorientation>
          <userorientation_row0>1,0,0</userorientation_row0>
          <userorientation_row1>0,0.283091,-0.959092</userorientation_row1>
          <userorientation_row2>0,0.959092,0.283091</userorientation_row2>
        </userorientation>
      </transform>
      <snapped>false</snapped>
      <handles count="2">
        <weight channel="0x7cc96c02">0</weight>
        <weight channel="0xd02751de">0.371623</weight>
      </handles>
      <isasymmetric>false</isasymmetric>
    </blockref>
    <blockref>
      <blockid>0x40626000, 0x2275f76c</blockid>
      <transform>
        <scale>0.800000</scale>
        <position>-0.0489706,0.0960000,2.253818</position>
        <triangledirection>0.350367,-0.769560,-0.533869</triangledirection>
        <trianglepickorigin>0,0,0</trianglepickorigin>
        <orientation>
          <row0>-0.910112,-0.414357,0</row0>
          <row1>0.358942,-0.788394,-0.499592</row1>
          <row2>0.207010,-0.454685,0.866259</row2>
        </orientation>
        <userorientation>
          <userorientation_row0>-1,0,0</userorientation_row0>
          <userorientation_row1>0,0.999198,-0.0400311</userorientation_row1>
          <userorientation_row2>0,-0.0400311,-0.999198</userorientation_row2>
        </userorientation>
      </transform>
      <snapped>false</snapped>
      <symmetric>38</symmetric>
      <handles count="2">
        <weight channel="0x2e6521f4">0.147600</weight>
        <weight channel="0xd02751de">0.452535</weight>
      </handles>
      <isasymmetric>false</isasymmetric>
    </blockref>
    <blockref>
      <blockid>0x40626000, 0x2275f76c</blockid>
      <transform>
        <scale>0.800000</scale>
        <position>0.0489706,0.0960000,2.253818</position>
        <triangledirection>-0.350367,-0.769560,-0.533869</triangledirection>
        <trianglepickorigin>0,0,0</trianglepickorigin>
        <orientation>
          <row0>-0.910112,0.414357,0</row0>
          <row1>-0.358942,-0.788394,-0.499592</row1>
          <row2>-0.207010,-0.454685,0.866259</row2>
        </orientation>
        <userorientation>
          <userorientation_row0>-1,0,0</userorientation_row0>
          <userorientation_row1>0,0.999198,-0.0400311</userorientation_row1>
          <userorientation_row2>0,-0.0400311,-0.999198</userorientation_row2>
        </userorientation>
      </transform>
      <snapped>false</snapped>
      <symmetric>37</symmetric>
      <handles count="2">
        <weight channel="0x2e6521f4">0.147600</weight>
        <weight channel="0xd02751de">0.452535</weight>
      </handles>
      <isasymmetric>false</isasymmetric>
    </blockref>
    <blockref>
      <blockid>0x40626000, 0x2275f76c</blockid>
      <transform>
        <scale>0.800000</scale>
        <position>-0.0394953,0.0245527,2.337228</position>
        <triangledirection>0.262367,-0.656075,-0.707620</triangledirection>
        <trianglepickorigin>0,0,0</trianglepickorigin>
        <orientation>
          <row0>-0.928506,-0.371313,1.49010e-8</row0>
          <row1>0.272675,-0.681851,-0.678767</row1>
          <row2>0.252036,-0.630240,0.734351</row2>
        </orientation>
        <userorientation>
          <userorientation_row0>-1,0,0</userorientation_row0>
          <userorientation_row1>0,0.999198,-0.0400311</userorientation_row1>
          <userorientation_row2>0,-0.0400311,-0.999198</userorientation_row2>
        </userorientation>
      </transform>
      <snapped>false</snapped>
      <symmetric>40</symmetric>
      <handles count="2">
        <weight channel="0x2e6521f4">0.147600</weight>
        <weight channel="0xd02751de">0.452535</weight>
      </handles>
      <isasymmetric>false</isasymmetric>
    </blockref>
    <blockref>
      <blockid>0x40626000, 0x2275f76c</blockid>
      <transform>
        <scale>0.800000</scale>
        <position>0.0394953,0.0245527,2.337228</position>
        <triangledirection>-0.262367,-0.656075,-0.707620</triangledirection>
        <trianglepickorigin>0,0,0</trianglepickorigin>
        <orientation>
          <row0>-0.928506,0.371313,-1.49010e-8</row0>
          <row1>-0.272675,-0.681851,-0.678767</row1>
          <row2>-0.252036,-0.630240,0.734351</row2>
        </orientation>
        <userorientation>
          <userorientation_row0>-1,0,0</userorientation_row0>
          <userorientation_row1>0,0.999198,-0.0400311</userorientation_row1>
          <userorientation_row2>0,-0.0400311,-0.999198</userorientation_row2>
        </userorientation>
      </transform>
      <snapped>false</snapped>
      <symmetric>39</symmetric>
      <handles count="2">
        <weight channel="0x2e6521f4">0.147600</weight>
        <weight channel="0xd02751de">0.452535</weight>
      </handles>
      <isasymmetric>false</isasymmetric>
    </blockref>
    <blockref>
      <blockid>0x40686000, 0xeb807538</blockid>
      <transform>
        <scale>1.349858</scale>
        <position>0,-0.123520,2.406264</position>
        <triangledirection>0,0.353796,-0.935321</triangledirection>
        <trianglepickorigin>0,0,0</trianglepickorigin>
        <orientation>
          <row0>1,0,0</row0>
          <row1>0,0.152767,-0.988261</row1>
          <row2>0,0.988261,0.152767</row2>
        </orientation>
        <userorientation>
          <userorientation_row0>1,0,0</userorientation_row0>
          <userorientation_row1>0,0.978392,0.206755</userorientation_row1>
          <userorientation_row2>0,-0.206755,0.978392</userorientation_row2>
        </userorientation>
      </transform>
      <snapped>false</snapped>
      <handles count="3">
        <weight channel="0x7cc96c02">0</weight>
        <weight channel="0x503283aa">0.426575</weight>
        <weight channel="0xe20e2032">1</weight>
      </handles>
      <isasymmetric>false</isasymmetric>
    </blockref>
    <blockref>
      <blockid>0x40686000, 0x8920761b</blockid>
      <transform>
        <scale>1.964033</scale>
        <position>0,-0.557614,1.958063</position>
        <triangledirection>-0.985310,0.141719,0.0952830</triangledirection>
        <trianglepickorigin>0,0,0</trianglepickorigin>
        <orientation>
          <row0>1,0,0</row0>
          <row1>0,0.829873,0.557950</row1>
          <row2>0,-0.557950,0.829873</row2>
        </orientation>
        <userorientation>
          <userorientation_row0>0.169103,0.975678,0.139484</userorientation_row0>
