<?xml version="1.0" encoding="UTF-8"?><sporemodel>
  <formatversion>18</formatversion>
  <properties>
    <modeltype>0x4178b8e8</modeltype>
    <skineffect1>0x71357e68</skineffect1>
    <skineffect2>0x97e43b59</skineffect2>
    <skineffect3>0xdd5391a5</skineffect3>
    <skineffectseed1>1234</skineffectseed1>
    <skineffectseed2>1234</skineffectseed2>
    <skineffectseed3>1234</skineffectseed3>
    <skincolor1>0.576469,0.501954,0.341170</skincolor1>
    <skincolor2>0.803920,0.564705,0.474509</skincolor2>
    <skincolor3>0.972549,0.749019,0.262744</skincolor3>
    <zcorpscore>0</zcorpscore>
  </properties>
  <blocks count="39">
    <blockref>
      <blockid>0x40626000, 0xd05c53a3</blockid>
      <transform>
        <scale>1.449602</scale>
        <position>0,-0.195483,1.804937</position>
        <triangledirection>0,0.385526,-0.922695</triangledirection>
        <trianglepickorigin>0,0,0</trianglepickorigin>
        <orientation>
          <row0>1,0,0</row0>
          <row1>0,0.385526,-0.922695</row1>
          <row2>0,0.922695,0.385526</row2>
        </orientation>
      </transform>
      <snapped>false</snapped>
      <childlist count="12">
        <childid>38</childid>
        <childid>37</childid>
        <childid>36</childid>
        <childid>27</childid>
        <childid>26</childid>
        <childid>25</childid>
        <childid>24</childid>
        <childid>23</childid>
        <childid>22</childid>
        <childid>6</childid>
        <childid>5</childid>
        <childid>1</childid>
      </childlist>
      <isasymmetric>false</isasymmetric>
    </blockref>
    <blockref>
      <blockid>0x40626000, 0xd05c53a3</blockid>
      <transform>
        <scale>1.191166</scale>
        <position>0,-0.147911,1.702918</position>
        <triangledirection>0,0.458963,-0.888454</triangledirection>
        <trianglepickorigin>0,0,0</trianglepickorigin>
        <orientation>
          <row0>1,0,0</row0>
          <row1>0,0.458963,-0.888454</row1>
          <row2>0,0.888454,0.458963</row2>
        </orientation>
      </transform>
      <snapped>false</snapped>
      <childlist count="1">
        <childid>2</childid>
      </childlist>
      <isasymmetric>false</isasymmetric>
    </blockref>
    <blockref>
      <blockid>0x40626000, 0xd05c53a3</blockid>
      <transform>
        <scale>1.089545</scale>
        <position>0,-0.106371,1.601991</position>
        <triangledirection>0,0.299466,-0.954105</triangledirection>
        <trianglepickorigin>0,0,0</trianglepickorigin>
        <orientation>
          <row0>1,0,0</row0>
          <row1>0,0.299466,-0.954105</row1>
          <row2>0,0.954105,0.299466</row2>
        </orientation>
      </transform>
      <snapped>false</snapped>
      <childlist count="1">
        <childid>3</childid>
      </childlist>
      <isasymmetric>false</isasymmetric>
    </blockref>
    <blockref>
      <blockid>0x40626000, 0xd05c53a3</blockid>
      <transform>
        <scale>1.128744</scale>
        <position>0,-0.0809020,1.495296</position>
        <triangledirection>0,0.163785,-0.986495</triangledirection>
        <trianglepickorigin>0,0,0</trianglepickorigin>
        <orientation>
          <row0>1,0,0</row0>
          <row1>0,0.163785,-0.986495</row1>
          <row2>0,0.986495,0.163785</row2>
        </orientation>
      </transform>
      <snapped>false</snapped>
      <childlist count="1">
        <childid>4</childid>
      </childlist>
      <isasymmetric>false</isasymmetric>
    </blockref>
    <blockref>
      <blockid>0x40626000, 0xd05c53a3</blockid>
      <transform>
        <scale>1.037935</scale>
        <position>0,-0.0715050,1.386296</position>
        <triangledirection>0,0.00747343,-0.999971</triangledirection>
        <trianglepickorigin>0,0,0</trianglepickorigin>
        <orientation>
          <row0>1,0,0</row0>
          <row1>0,0.00747343,-0.999971</row1>
          <row2>0,0.999971,0.00747343</row2>
        </orientation>
      </transform>
      <snapped>false</snapped>
      <childlist count="3">
        <childid>32</childid>
        <childid>28</childid>
        <childid>7</childid>
      </childlist>
      <isasymmetric>false</isasymmetric>
    </blockref>
    <blockref>
      <blockid>0x40626000, 0xcb5ef58e</blockid>
      <transform>
        <scale>1.349853</scale>
        <position>-0.212845,-0.484288,1.937417</position>
        <triangledirection>0.672679,0.236711,-0.701048</triangledirection>
        <trianglepickorigin>0,0,0</trianglepickorigin>
        <orientation>
          <row0>0.380115,-0.923421,0.0529364</row0>
          <row1>0.672679,0.236711,-0.701048</row1>
          <row2>0.634832,0.302089,0.711144</row2>
        </orientation>
        <userorientation>
          <userorientation_row0>0.609965,0,0.792423</userorientation_row0>
          <userorientation_row1>0,1,0</userorientation_row1>
          <userorientation_row2>-0.792423,0,0.609965</userorientation_row2>
        </userorientation>
      </transform>
      <snapped>false</snapped>
      <symmetric>6</symmetric>
      <handles count="1">
        <weight channel="0x2e6521f4">0.685382</weight>
      </handles>
      <isasymmetric>false</isasymmetric>
    </blockref>
    <blockref>
      <blockid>0x40626000, 0xd6ade968</blockid>
      <transform>
        <scale>1.349853</scale>
        <position>0.212849,-0.484288,1.937414</position>
        <triangledirection>-0.672685,0.236710,-0.701043</triangledirection>
        <trianglepickorigin>0,0,0</trianglepickorigin>
        <orientation>
          <row0>0.380109,0.923424,-0.0529354</row0>
          <row1>-0.672685,0.236710,-0.701043</row1>
          <row2>-0.634829,0.302082,0.711151</row2>
        </orientation>
        <userorientation>
          <userorientation_row0>0.609965,0,-0.792423</userorientation_row0>
          <userorientation_row1>0,1,0</userorientation_row1>
          <userorientation_row2>0.792423,0,0.609965</userorientation_row2>
        </userorientation>
      </transform>
      <snapped>false</snapped>
      <symmetric>5</symmetric>
      <handles count="1">
        <weight channel="0x2e6521f4">0.685382</weight>
      </handles>
      <isasymmetric>false</isasymmetric>
    </blockref>
    <blockref>
      <blockid>0x40626000, 0xd05c53a3</blockid>
      <transform>
        <scale>0.856612</scale>
        <position>0,-0.0835539,1.279010</position>
        <triangledirection>0,-0.229084,-0.973406</triangledirection>
        <trianglepickorigin>0,0,0</trianglepickorigin>
        <orientation>
          <row0>1,0,0</row0>
          <row1>0,-0.229084,-0.973406</row1>
          <row2>0,0.973406,-0.229084</row2>
        </orientation>
      </transform>
      <snapped>false</snapped>
      <childlist count="1">
        <childid>8</childid>
      </childlist>
      <isasymmetric>false</isasymmetric>
    </blockref>
    <blockref>
      <blockid>0x40626000, 0xd05c53a3</blockid>
      <transform>
        <scale>0.385737</scale>
        <position>0,-0.117031,1.174903</position>
        <triangledirection>0,-0.381338,-0.924435</triangledirection>
        <trianglepickorigin>0,0,0</trianglepickorigin>
        <orientation>
          <row0>1,0,0</row0>
          <row1>0,-0.381338,-0.924435</row1>
          <row2>0,0.924435,-0.381338</row2>
        </orientation>
      </transform>
      <snapped>false</snapped>
      <childlist count="1">
        <childid>9</childid>
      </childlist>
      <isasymmetric>false</isasymmetric>
    </blockref>
    <blockref>
      <blockid>0x40626000, 0xd05c53a3</blockid>
      <transform>
        <scale>0.280000</scale>
        <position>0,-0.118931,1.062047</position>
        <triangledirection>0,0.350030,-0.936738</triangledirection>
        <trianglepickorigin>0,0,0</trianglepickorigin>
        <orientation>
          <row0>1,0,0</row0>
          <row1>0,0.350030,-0.936738</row1>
          <row2>0,0.936738,0.350030</row2>
        </orientation>
      </transform>
      <snapped>false</snapped>
      <childlist count="1">
        <childid>10</childid>
      </childlist>
      <isasymmetric>false</isasymmetric>
    </blockref>
    <blockref>
      <blockid>0x40626000, 0xd05c53a3</blockid>
      <transform>
        <scale>0.280000</scale>
        <position>0,-0.0422082,0.979741</position>
        <triangledirection>0,0.909901,-0.414824</triangledirection>
        <trianglepickorigin>0,0,0</trianglepickorigin>
        <orientation>
          <row0>1,0,0</row0>
          <row1>0,0.909901,-0.414824</row1>
          <row2>0,0.414824,0.909901</row2>
        </orientation>
      </transform>
      <snapped>false</snapped>
      <childlist count="1">
        <childid>11</childid>
      </childlist>
      <isasymmetric>false</isasymmetric>
    </blockref>
    <blockref>
      <blockid>0x40626000, 0xd05c53a3</blockid>
      <transform>
        <scale>0.280000</scale>
        <position>0,0.0702114,0.976002</position>
        <triangledirection>0,0.935425,0.353522</triangledirection>
        <trianglepickorigin>0,0,0</trianglepickorigin>
        <orientation>
          <row0>1,0,0</row0>
          <row1>0,0.935425,0.353522</row1>
          <row2>0,-0.353522,0.935425</row2>
        </orientation>
      </transform>
      <snapped>false</snapped>
      <childlist count="1">
        <childid>12</childid>
      </childlist>
      <isasymmetric>false</isasymmetric>
    </blockref>
    <blockref>
      <blockid>0x40626000, 0xd05c53a3</blockid>
      <transform>
        <scale>0.280000</scale>
        <position>0,0.152806,1.052593</position>
        <triangledirection>0,0.422946,0.906153</triangledirection>
        <trianglepickorigin>0,0,0</trianglepickorigin>
        <orientation>
          <row0>1,0,0</row0>
          <row1>0,0.422946,0.906153</row1>
          <row2>0,-0.906153,0.422946</row2>
        </orientation>
      </transform>
      <snapped>false</snapped>
      <childlist count="1">
        <childid>13</childid>
      </childlist>
      <isasymmetric>false</isasymmetric>
    </blockref>
    <blockref>
      <blockid>0x40626000, 0xd05c53a3</blockid>
      <transform>
        <scale>0.280000</scale>
        <position>0,0.220402,1.123708</position>
        <triangledirection>0,0.883548,0.468338</triangledirection>
        <trianglepickorigin>0,0,0</trianglepickorigin>
        <orientation>
          <row0>1,0,0</row0>
          <row1>0,0.883548,0.468338</row1>
          <row2>0,-0.468338,0.883548</row2>
        </orientation>
      </transform>
      <snapped>false</snapped>
      <childlist count="1">
        <childid>14</childid>
      </childlist>
      <isasymmetric>false</isasymmetric>
    </blockref>
    <blockref>
      <blockid>0x40626000, 0xd05c53a3</blockid>
      <transform>
        <scale>0.280000</scale>
        <position>0,0.317207,1.139757</position>
        <triangledirection>0,0.987421,-0.158103</triangledirection>
        <trianglepickorigin>0,0,0</trianglepickorigin>
        <orientation>
          <row0>1,0,0</row0>
          <row1>0,0.987421,-0.158103</row1>
          <row2>0,0.158103,0.987421</row2>
        </orientation>
      </transform>
      <snapped>false</snapped>
      <childlist count="1">
        <childid>15</childid>
      </childlist>
      <isasymmetric>false</isasymmetric>
    </blockref>
    <blockref>
      <blockid>0x40626000, 0xd05c53a3</blockid>
      <transform>
        <scale>0.280000</scale>
        <position>0,0.404136,1.094264</position>
        <triangledirection>0,0.692794,-0.721134</triangledirection>
        <trianglepickorigin>0,0,0</trianglepickorigin>
        <orientation>
          <row0>1,0,0</row0>
          <row1>0,0.692794,-0.721134</row1>
          <row2>0,0.721134,0.692794</row2>
        </orientation>
      </transform>
      <snapped>false</snapped>
      <childlist count="1">
        <childid>16</childid>
      </childlist>
      <isasymmetric>false</isasymmetric>
    </blockref>
    <blockref>
      <blockid>0x40626000, 0xd05c53a3</blockid>
      <transform>
        <scale>0.317218</scale>
        <position>0,0.505412,1.043120</position>
        <triangledirection>0,0.991572,-0.129543</triangledirection>
        <trianglepickorigin>0,0,0</trianglepickorigin>
        <orientation>
          <row0>1,0,0</row0>
          <row1>0,0.991572,-0.129543</row1>
          <row2>0,0.129543,0.991572</row2>
        </orientation>
      </transform>
      <snapped>false</snapped>
      <childlist count="1">
        <childid>17</childid>
      </childlist>
      <isasymmetric>false</isasymmetric>
    </blockref>
    <blockref>
      <blockid>0x40626000, 0xd05c53a3</blockid>
      <transform>
        <scale>0.280000</scale>
        <position>0,0.614260,1.071944</position>
        <triangledirection>0,0.797518,0.603294</triangledirection>
        <trianglepickorigin>0,0,0</trianglepickorigin>
        <orientation>
          <row0>1,0,0</row0>
          <row1>0,0.797518,0.603294</row1>
          <row2>0,-0.603294,0.797518</row2>
        </orientation>
      </transform>
      <snapped>false</snapped>
      <childlist count="1">
        <childid>18</childid>
      </childlist>
      <isasymmetric>false</isasymmetric>
    </blockref>
    <blockref>
      <blockid>0x40626000, 0xd05c53a3</blockid>
      <transform>
        <scale>0.280000</scale>
        <position>0,0.683404,1.162739</position>
        <triangledirection>0,0.369545,0.929211</triangledirection>
        <trianglepickorigin>0,0,0</trianglepickorigin>
        <orientation>
          <row0>1,0,0</row0>
          <row1>0,0.369545,0.929211</row1>
          <row2>0,-0.929211,0.369545</row2>
        </orientation>
      </transform>
      <snapped>false</snapped>
      <childlist count="1">
        <childid>19</childid>
      </childlist>
      <isasymmetric>false</isasymmetric>
    </blockref>
    <blockref>
      <blockid>0x40626000, 0xd05c53a3</blockid>
      <transform>
        <scale>0.280000</scale>
        <position>0,0.681625,1.275212</position>
        <triangledirection>0,-0.398773,0.917048</triangledirection>
        <trianglepickorigin>0,0,0</trianglepickorigin>
        <orientation>
          <row0>0.999998,0,0</row0>
          <row1>0,-0.398773,0.917048</row1>
          <row2>0,-0.917048,-0.398773</row2>
        </orientation>
      </transform>
      <snapped>false</snapped>
      <childlist count="1">
        <childid>20</childid>
      </childlist>
      <isasymmetric>false</isasymmetric>
    </blockref>
    <blockref>
      <blockid>0x40626000, 0xd05c53a3</blockid>
      <transform>
        <scale>0.280000</scale>
        <position>0,0.673039,1.372993</position>
        <triangledirection>0,0.232877,0.972504</triangledirection>
        <trianglepickorigin>0,0,0</trianglepickorigin>
        <orientation>
          <row0>1,0,0</row0>
          <row1>0,0.232877,0.972504</row1>
          <row2>0,-0.972504,0.232877</row2>
        </orientation>
      </transform>
      <snapped>false</snapped>
      <childlist count="1">
        <childid>21</childid>
      </childlist>
      <isasymmetric>false</isasymmetric>
    </blockref>
    <blockref>
      <blockid>0x40626000, 0xd05c53a3</blockid>
      <transform>
        <scale>0.280000</scale>
        <position>0,0.725009,1.456231</position>
        <triangledirection>0,0.771498,0.636229</triangledirection>
        <trianglepickorigin>0,0,0</trianglepickorigin>
        <orientation>
          <row0>1,0,0</row0>
          <row1>0,0.771498,0.636229</row1>
          <row2>0,-0.636229,0.771498</row2>
        </orientation>
      </transform>
      <snapped>false</snapped>
      <isasymmetric>false</isasymmetric>
    </blockref>
    <blockref>
      <blockid>0x40626000, 0x4b1ae65a</blockid>
      <transform>
        <scale>1.454988</scale>
        <position>0.169260,-0.619747,1.880203</position>
        <triangledirection>-0.0871656,0.995535,0.0362160</triangledirection>
        <trianglepickorigin>0,0,0</trianglepickorigin>
        <orientation>
          <row0>0.779190,0.626787,-5.96045e-8</row0>
          <row1>-0.535122,0.665238,-0.520672</row1>
          <row2>-0.326350,0.405701,0.853756</row2>
        </orientation>
        <userorientation>
          <userorientation_row0>0.778648,-0.627460,-1.19208e-7</userorientation_row0>
          <userorientation_row1>0.556070,0.690056,0.463257</userorientation_row1>
          <userorientation_row2>-0.290675,-0.360715,0.886223</userorientation_row2>
        </userorientation>
      </transform>
      <snapped>false</snapped>
      <symmetric>23</symmetric>
      <isasymmetric>false</isasymmetric>
    </blockref>
    <blockref>
      <blockid>0x40626000, 0x0330d834</blockid>
      <transform>
        <scale>1.454988</scale>
        <position>-0.169260,-0.619747,1.880203</position>
        <triangledirection>0.0871656,0.995535,0.0362160</triangledirection>
        <trianglepickorigin>0,0,0</trianglepickorigin>
        <orientation>
          <row0>0.779190,-0.626787,2.98022e-8</row0>
          <row1>0.535122,0.665238,-0.520672</row1>
          <row2>0.326350,0.405701,0.853756</row2>
        </orientation>
        <userorientation>
          <userorientation_row0>0.778648,0.627460,1.19208e-7</userorientation_row0>
          <userorientation_row1>-0.556070,0.690056,0.463257</userorientation_row1>
          <userorientation_row2>0.290675,-0.360715,0.886223</userorientation_row2>
        </userorientation>
      </transform>
      <snapped>false</snapped>
      <symmetric>22</symmetric>
      <isasymmetric>false</isasymmetric>
    </blockref>
    <blockref>
      <blockid>0x40626000, 0x0330d834</blockid>
      <transform>
        <scale>1.690456</scale>
        <position>-0.161585,-0.682901,1.701697</position>
        <triangledirection>0.325459,0.945542,0.00478823</triangledirection>
        <trianglepickorigin>0,0,0</trianglepickorigin>
        <orientation>
          <row0>0.860954,-0.508678,-3.72529e-9</row0>
          <row1>0.508195,0.860137,0.0435573</row1>
          <row2>-0.0221567,-0.0375008,0.999050</row2>
        </orientation>
        <userorientation>
          <userorientation_row0>0.979607,0.200916,0</userorientation_row0>
          <userorientation_row1>-0.200772,0.978905,-0.0378861</userorientation_row1>
          <userorientation_row2>-0.00761198,0.0371135,0.999282</userorientation_row2>
        </userorientation>
      </transform>
      <snapped>false</snapped>
      <symmetric>25</symmetric>
      <isasymmetric>false</isasymmetric>
    </blockref>
    <blockref>
      <blockid>0x40626000, 0x4b1ae65a</blockid>
      <transform>
        <scale>1.690456</scale>
        <position>0.161585,-0.682901,1.701697</position>
        <triangledirection>-0.325459,0.945542,0.00478823</triangledirection>
        <trianglepickorigin>0,0,0</trianglepickorigin>
        <orientation>
          <row0>0.860954,0.508678,5.58793e-9</row0>
          <row1>-0.508195,0.860137,0.0435573</row1>
          <row2>0.0221567,-0.0375008,0.999050</row2>
        </orientation>
        <userorientation>
          <userorientation_row0>0.979607,-0.200916,0</userorientation_row0>
          <userorientation_row1>0.200772,0.978905,-0.0378861</userorientation_row1>
          <userorientation_row2>0.00761198,0.0371135,0.999282</userorientation_row2>
        </userorientation>
      </transform>
      <snapped>false</snapped>
      <symmetric>24</symmetric>
      <isasymmetric>false</isasymmetric>
    </blockref>
    <blockref>
      <blockid>0x40626000, 0xf71001a2</blockid>
      <transform>
        <scale>1.964033</scale>
        <position>0,-0.725513,1.688917</position>
        <triangledirection>0,0.996466,0.0839850</triangledirection>
        <trianglepickorigin>0,0,0</trianglepickorigin>
        <orientation>
          <row0>1,0,0</row0>
          <row1>0,0.996466,0.0839850</row1>
          <row2>0,-0.0839850,0.996466</row2>
        </orientation>
      </transform>
      <snapped>false</snapped>
      <isasymmetric>false</isasymmetric>
    </blockref>
    <blockref>
      <blockid>0x40626000, 0xf71001a2</blockid>
      <transform>
        <scale>1.568308</scale>
        <position>0,-0.677143,1.880264</position>
        <triangledirection>0,0.998744,0.0500469</triangledirection>
        <trianglepickorigin>0,0,0</trianglepickorigin>
        <orientation>
          <row0>1,0,0</row0>
          <row1>0,0.851705,-0.524020</row1>
          <row2>0,0.524020,0.851705</row2>
        </orientation>
        <userorientation>
          <userorientation_row0>1,0,0</userorientation_row0>
          <userorientation_row1>0,0.824410,0.565988</userorientation_row1>
          <userorientation_row2>0,-0.565988,0.824410</userorientation_row2>
        </userorientation>
      </transform>
      <snapped>false</snapped>
      <isasymmetric>false</isasymmetric>
    </blockref>
    <blockref>
      <blockid>0x40626000, 0xdec3c22a</blockid>
      <transform>
        <limbtype>0</limbtype>
        <musclescale>0.824998</musclescale>
        <basemusclescale>0.899999</basemusclescale>
        <scale>1</scale>
        <position>-0.216520,-0.196310,1.324552</position>
        <triangledirection>0.198675,0.190626,0.961346</triangledirection>
        <trianglepickorigin>0,0,0</trianglepickorigin>
        <orientation>
          <row0>-0.910018,0.400049,0.108740</row0>
          <row1>0.198675,0.190626,0.961346</row1>
          <row2>0.363857,0.896449,-0.252954</row2>
        </orientation>
      </transform>
      <snapped>false</snapped>
      <childlist count="1">
        <childid>29</childid>
      </childlist>
      <symmetric>32</symmetric>
      <handles count="1">
        <weight channel="0xf320ba37">0.174579</weight>
      </handles>
      <isasymmetric>false</isasymmetric>
    </blockref>
    <blockref>
      <blockid>0x40626000, 0x33fccc91</blockid>
      <transform>
        <limbtype>0</limbtype>
        <musclescale>0.125</musclescale>
        <basemusclescale>0.850000</basemusclescale>
        <scale>1</scale>
        <position>-0.325495,-0.300871,0.797248</position>
        <triangledirection>-0.178126,-0.614171,0.768806</triangledirection>
        <trianglepickorigin>0,0,0</trianglepickorigin>
        <orientation>
          <row0>-0.910018,0.400049,0.108740</row0>
          <row1>-0.178126,-0.614171,0.768806</row1>
          <row2>0.374345,0.680260,0.630167</row2>
        </orientation>
      </transform>
      <snapped>true</snapped>
      <childlist count="1">
        <childid>30</childid>
      </childlist>
      <symmetric>33</symmetric>
      <handles count="1">
        <weight channel="0xf320ba37">0.0838757</weight>
      </handles>
      <isasymmetric>false</isasymmetric>
    </blockref>
    <blockref>
      <blockid>0x40626000, 0x33fccc91</blockid>
      <transform>
        <limbtype>0</limbtype>
        <musclescale>0</musclescale>
        <basemusclescale>0.948319</basemusclescale>
        <scale>1</scale>
        <position>-0.274962,-0.126635,0.579144</position>
        <triangledirection>0.00410341,0.160614,0.987007</triangledirection>
        <trianglepickorigin>0,0,0</trianglepickorigin>
        <orientation>
          <row0>0.970628,-0.238065,0.0347049</row0>
          <row1>0.00410341,0.160614,0.987007</row1>
          <row2>-0.240546,-0.957876,0.156874</row2>
        </orientation>
      </transform>
      <snapped>true</snapped>
      <childlist count="1">
        <childid>31</childid>
      </childlist>
      <symmetric>34</symmetric>
      <handles count="1">
        <weight channel="0xf320ba37">0.117357</weight>
      </handles>
      <isasymmetric>false</isasymmetric>
    </blockref>
    <blockref>
      <blockid>0x40626000, 0x4af28ce7</blockid>
      <transform>
        <basemusclescale>1.336187</basemusclescale>
        <scale>1.690453</scale>
        <position>-0.276533,-0.188145,0.201151</position>
        <triangledirection>9.99998e-7,1,0</triangledirection>
        <trianglepickorigin>0,0,0</trianglepickorigin>
        <orientation>
          <row0>1,-9.99998e-7,9.99998e-7</row0>
          <row1>9.99998e-7,1,0</row1>
          <row2>-9.99998e-7,9.99999e-13,1</row2>
        </orientation>
      </transform>
      <snapped>true</snapped>
      <symmetric>35</symmetric>
      <isasymmetric>false</isasymmetric>
    </blockref>
    <blockref>
      <blockid>0x40626000, 0xdec3c22a</blockid>
      <transform>
        <limbtype>0</limbtype>
        <musclescale>0.824998</musclescale>
        <basemusclescale>0.899999</basemusclescale>
        <scale>1</scale>
        <position>0.216520,-0.196310,1.324552</position>
        <triangledirection>-0.198675,0.190626,0.961346</triangledirection>
        <trianglepickorigin>0,0,0</trianglepickorigin>
        <orientation>
          <row0>-0.910018,-0.400049,-0.108740</row0>
          <row1>-0.198675,0.190626,0.961346</row1>
          <row2>-0.363857,0.896449,-0.252954</row2>
        </orientation>
      </transform>
      <snapped>false</snapped>
      <childlist count="1">
        <childid>33</childid>
      </childlist>
      <symmetric>28</symmetric>
      <handles count="1">
        <weight channel="0xf320ba37">0.174579</weight>
      </handles>
      <isasymmetric>false</isasymmetric>
    </blockref>
    <blockref>
      <blockid>0x40626000, 0x33fccc91</blockid>
      <transform>
        <limbtype>0</limbtype>
        <musclescale>0.125</musclescale>
        <basemusclescale>0.850000</basemusclescale>
        <scale>1</scale>
        <position>0.325495,-0.300871,0.797248</position>
        <triangledirection>0.178126,-0.614171,0.768806</triangledirection>
        <trianglepickorigin>0,0,0</trianglepickorigin>
        <orientation>
          <row0>-0.910018,-0.400049,-0.108740</row0>
          <row1>0.178126,-0.614171,0.768806</row1>
          <row2>-0.374345,0.680260,0.630167</row2>
        </orientation>
      </transform>
      <snapped>true</snapped>
      <childlist count="1">
        <childid>34</childid>
      </childlist>
      <symmetric>29</symmetric>
      <handles count="1">
        <weight channel="0xf320ba37">0.0838757</weight>
      </handles>
      <isasymmetric>false</isasymmetric>
    </blockref>
    <blockref>
      <blockid>0x40626000, 0x33fccc91</blockid>
      <transform>
        <limbtype>0</limbtype>
        <musclescale>0</musclescale>
        <basemusclescale>0.948319</basemusclescale>
        <scale>1</scale>
        <position>0.274962,-0.126635,0.579144</position>
        <triangledirection>-0.00410341,0.160614,0.987007</triangledirection>
        <trianglepickorigin>0,0,0</trianglepickorigin>
        <orientation>
          <row0>0.970628,0.238065,-0.0347049</row0>
          <row1>-0.00410341,0.160614,0.987007</row1>
          <row2>0.240546,-0.957876,0.156874</row2>
        </orientation>
      </transform>
      <snapped>true</snapped>
      <childlist count="1">
        <childid>35</childid>
      </childlist>
      <symmetric>30</symmetric>
      <handles count="1">
        <weight channel="0xf320ba37">0.117357</weight>
      </handles>
      <isasymmetric>false</isasymmetric>
    </blockref>
    <blockref>
      <blockid>0x40626000, 0x7f815c91</blockid>
      <transform>
        <basemusclescale>1.336187</basemusclescale>
        <scale>1.690453</scale>
        <position>0.276533,-0.188145,0.201151</position>
        <triangledirection>-9.99998e-7,1,0</triangledirection>
        <trianglepickorigin>0,0,0</trianglepickorigin>
        <orientation>
          <row0>1,9.99998e-7,-9.99998e-7</row0>
          <row1>-9.99998e-7,1,0</row1>
          <row2>9.99998e-7,9.99999e-13,1</row2>
        </orientation>
      </transform>
      <snapped>true</snapped>
      <symmetric>31</symmetric>
      <isasymmetric>false</isasymmetric>
    </blockref>
    <blockref>
      <blockid>0x40626000, 0x050d2812</blockid>
      <transform>
        <scale>1</scale>
        <position>0,-0.600907,1.463354</position>
        <triangledirection>0,0.992909,0.118871</triangledirection>
        <trianglepickorigin>0,0,0</trianglepickorigin>
        <orientation>
          <row0>1,0,0</row0>
          <row1>0,0.605135,0.796122</row1>
          <row2>0,-0.796122,0.605135</row2>
        </orientation>
        <userorientation>
          <userorientation_row0>1,0,0</userorientation_row0>
          <userorientation_row1>0,0.695481,-0.718544</userorientation_row1>
          <userorientation_row2>0,0.718544,0.695481</userorientation_row2>
        </userorientation>
      </transform>
      <snapped>false</snapped>
      <handles count="3">
        <weight channel="0xd02751de">0.918959</weight>
        <weight channel="0x2e6521f4">0.389338</weight>
        <weight channel="0x7cc96c02">0.864870</weight>
      </handles>
      <isasymmetric>false</isasymmetric>
    </blockref>
    <blockref>
      <blockid>0x40626000, 0x245b71f9</blockid>
      <transform>
        <scale>0.800000</scale>
        <position>0,-0.419651,2.032594</position>
        <triangledirection>0,-0.446797,0.894634</triangledirection>
        <trianglepickorigin>0,0,0</trianglepickorigin>
        <orientation>
          <row0>1,0,0</row0>
          <row1>0,0.0323591,-0.999476</row1>
          <row2>0,0.999476,0.0323591</row2>
        </orientation>
        <userorientation>
          <userorientation_row0>-1,0,0</userorientation_row0>
          <userorientation_row1>0,-0.908623,-0.417614</userorientation_row1>
          <userorientation_row2>0,-0.417614,0.908623</userorientation_row2>
        </userorientation>
      </transform>
      <snapped>false</snapped>
      <handles count="2">
        <weight channel="0x2e6521f4">0</weight>
        <weight channel="0xd02751de">0.501097</weight>
      </handles>
      <isasymmetric>false</isasymmetric>
    </blockref>
    <blockref>
      <blockid>0x40686000, 0xf55a5736</blockid>
      <transform>
        <scale>0.509155</scale>
        <position>0,-0.455617,2.027703</position>
        <triangledirection>0,0.146477,-0.989212</triangledirection>
        <trianglepickorigin>0,0,0</trianglepickorigin>
        <orientation>
          <row0>-1.74615e-8,-0.989212,-0.146477</row0>
          <row1>0,0.146477,-0.989212</row1>
          <row2>1,-1.72731e-8,-2.55774e-9</row2>
        </orientation>
      </transform>
      <snapped>false</snapped>
      <handles count="2">
        <weight channel="0x2e6521f4">0.585582</weight>
        <weight channel="0x7cc96c02">0.0135869</weight>
      </handles>
      <isasymmetric>false</isasymmetric>
    </blockref>
  </blocks></sporemodel>