<?xml version="1.0" encoding="UTF-8"?><sporemodel>
  <formatversion>18</formatversion>
  <properties>
    <modeltype>0x4178b8e8</modeltype>
    <skineffect1>0x8ec5176c</skineffect1>
    <skineffect2>0xcf48a38f</skineffect2>
    <skineffect3>0xdd5391a5</skineffect3>
    <skineffectseed1>1234</skineffectseed1>
    <skineffectseed2>1234</skineffectseed2>
    <skineffectseed3>1234</skineffectseed3>
    <skincolor1>1,0.803919,0.729411</skincolor1>
    <skincolor2>0.145098,0.145098,0.145098</skincolor2>
    <skincolor3>0.694117,0.0823526,0.0352941</skincolor3>
    <zcorpscore>0</zcorpscore>
  </properties>
  <blocks count="87">
    <blockref>
      <blockid>0x40626000, 0xd05c53a3</blockid>
      <transform>
        <scale>0.855265</scale>
        <position>0,-0.00455226,1.372727</position>
        <triangledirection>0,0.00714999,0.999974</triangledirection>
        <trianglepickorigin>0,0,0</trianglepickorigin>
        <orientation>
          <row0>1,0,0</row0>
          <row1>0,0.00714999,0.999974</row1>
          <row2>0,-0.999974,0.00714999</row2>
        </orientation>
      </transform>
      <snapped>false</snapped>
      <childlist count="5">
        <childid>80</childid>
        <childid>71</childid>
        <childid>10</childid>
        <childid>8</childid>
        <childid>1</childid>
      </childlist>
      <isasymmetric>false</isasymmetric>
    </blockref>
    <blockref>
      <blockid>0x40626000, 0xd05c53a3</blockid>
      <transform>
        <scale>1.021877</scale>
        <position>0,-0.000662343,1.483600</position>
        <triangledirection>0,0.0629511,0.998015</triangledirection>
        <trianglepickorigin>0,0,0</trianglepickorigin>
        <orientation>
          <row0>1,0,0</row0>
          <row1>0,0.0629511,0.998015</row1>
          <row2>0,-0.998015,0.0629511</row2>
        </orientation>
      </transform>
      <snapped>false</snapped>
      <childlist count="3">
        <childid>84</childid>
        <childid>81</childid>
        <childid>2</childid>
      </childlist>
      <isasymmetric>false</isasymmetric>
    </blockref>
    <blockref>
      <blockid>0x40626000, 0xd05c53a3</blockid>
      <transform>
        <scale>0.921934</scale>
        <position>0,0.0125273,1.592897</position>
        <triangledirection>0,0.176272,0.984341</triangledirection>
        <trianglepickorigin>0,0,0</trianglepickorigin>
        <orientation>
          <row0>1,0,0</row0>
          <row1>0,0.176272,0.984341</row1>
          <row2>0,-0.984341,0.176272</row2>
        </orientation>
      </transform>
      <snapped>false</snapped>
      <childlist count="1">
        <childid>3</childid>
      </childlist>
      <isasymmetric>false</isasymmetric>
    </blockref>
    <blockref>
      <blockid>0x40626000, 0xd05c53a3</blockid>
      <transform>
        <scale>0.798416</scale>
        <position>0,0.0325795,1.702658</position>
        <triangledirection>0,0.183148,0.983084</triangledirection>
        <trianglepickorigin>0,0,0</trianglepickorigin>
        <orientation>
          <row0>1,0,0</row0>
          <row1>0,0.183148,0.983084</row1>
          <row2>0,-0.983084,0.183148</row2>
        </orientation>
      </transform>
      <snapped>false</snapped>
      <childlist count="1">
        <childid>4</childid>
      </childlist>
      <isasymmetric>false</isasymmetric>
    </blockref>
    <blockref>
      <blockid>0x40626000, 0xd05c53a3</blockid>
      <transform>
        <scale>0.737586</scale>
        <position>0,0.0550393,1.811542</position>
        <triangledirection>0,0.220815,0.975314</triangledirection>
        <trianglepickorigin>0,0,0</trianglepickorigin>
        <orientation>
          <row0>1,0,0</row0>
          <row1>0,0.220815,0.975314</row1>
          <row2>0,-0.975314,0.220815</row2>
        </orientation>
      </transform>
      <snapped>false</snapped>
      <childlist count="5">
        <childid>86</childid>
        <childid>85</childid>
        <childid>17</childid>
        <childid>14</childid>
        <childid>5</childid>
      </childlist>
      <isasymmetric>false</isasymmetric>
    </blockref>
    <blockref>
      <blockid>0x40626000, 0xd05c53a3</blockid>
      <transform>
        <scale>0.667836</scale>
        <position>0,0.0574867,1.925817</position>
        <triangledirection>0,-0.178855,0.983874</triangledirection>
        <trianglepickorigin>0,0,0</trianglepickorigin>
        <orientation>
          <row0>1,0,0</row0>
          <row1>0,-0.178855,0.983874</row1>
          <row2>0,-0.983874,-0.178855</row2>
        </orientation>
      </transform>
      <snapped>false</snapped>
      <childlist count="2">
        <childid>29</childid>
        <childid>6</childid>
      </childlist>
      <isasymmetric>false</isasymmetric>
    </blockref>
    <blockref>
      <blockid>0x40626000, 0xd05c53a3</blockid>
      <transform>
        <scale>0.395931</scale>
        <position>0,0.00716065,2.028213</position>
        <triangledirection>0,-0.669700,0.742631</triangledirection>
        <trianglepickorigin>0,0,0</trianglepickorigin>
        <orientation>
          <row0>1,0,0</row0>
          <row1>0,-0.669700,0.742631</row1>
          <row2>0,-0.742631,-0.669700</row2>
        </orientation>
      </transform>
      <snapped>false</snapped>
      <childlist count="3">
        <childid>31</childid>
        <childid>30</childid>
        <childid>7</childid>
      </childlist>
      <isasymmetric>false</isasymmetric>
    </blockref>
    <blockref>
      <blockid>0x40626000, 0xd05c53a3</blockid>
      <transform>
        <scale>0.629647</scale>
        <position>0,-0.0743798,2.106621</position>
        <triangledirection>0,-0.768293,0.640097</triangledirection>
        <trianglepickorigin>0,0,0</trianglepickorigin>
        <orientation>
          <row0>1,0,0</row0>
          <row1>0,-0.768293,0.640097</row1>
          <row2>0,-0.640097,-0.768293</row2>
        </orientation>
      </transform>
      <snapped>false</snapped>
      <childlist count="18">
        <childid>76</childid>
        <childid>75</childid>
        <childid>74</childid>
        <childid>73</childid>
        <childid>72</childid>
        <childid>69</childid>
        <childid>68</childid>
        <childid>67</childid>
        <childid>54</childid>
        <childid>53</childid>
        <childid>48</childid>
        <childid>47</childid>
        <childid>33</childid>
        <childid>32</childid>
        <childid>28</childid>
        <childid>27</childid>
        <childid>26</childid>
        <childid>22</childid>
      </childlist>
      <isasymmetric>false</isasymmetric>
    </blockref>
    <blockref>
      <blockid>0x40626000, 0xdec3c22a</blockid>
      <transform>
        <limbtype>0</limbtype>
        <musclescale>0.324999</musclescale>
        <basemusclescale>2.349997</basemusclescale>
        <scale>1</scale>
        <position>0.151693,0.179609,1.275202</position>
        <triangledirection>-0.0206471,0.334405,0.942201</triangledirection>
        <trianglepickorigin>0,0,0</trianglepickorigin>
        <orientation>
          <row0>-0.999321,-0.0356278,-0.00925389</row0>
          <row1>-0.0206471,0.334405,0.942201</row1>
          <row2>-0.0304741,0.941754,-0.334915</row2>
        </orientation>
      </transform>
      <snapped>false</snapped>
      <childlist count="2">
        <childid>82</childid>
        <childid>9</childid>
      </childlist>
      <symmetric>10</symmetric>
      <handles count="1">
        <weight channel="0xf320ba37">0.201306</weight>
      </handles>
      <isasymmetric>false</isasymmetric>
    </blockref>
    <blockref>
      <blockid>0x40626000, 0x33fccc91</blockid>
      <transform>
        <limbtype>0</limbtype>
        <musclescale>0.25</musclescale>
        <basemusclescale>0.999996</basemusclescale>
        <scale>1</scale>
        <position>0.164654,-0.0303540,0.683609</position>
        <triangledirection>0.00655587,-0.419640,0.907666</triangledirection>
        <trianglepickorigin>0,0,0</trianglepickorigin>
        <orientation>
          <row0>-0.999321,-0.0356278,-0.00925388</row0>
          <row1>0.00655587,-0.419640,0.907666</row1>
          <row2>-0.0362215,0.906991,0.419589</row2>
        </orientation>
      </transform>
      <snapped>true</snapped>
      <childlist count="1">
        <childid>13</childid>
      </childlist>
      <symmetric>11</symmetric>
      <handles count="1">
        <weight channel="0xf320ba37">0.191156</weight>
      </handles>
      <isasymmetric>false</isasymmetric>
    </blockref>
    <blockref>
      <blockid>0x40626000, 0xdec3c22a</blockid>
      <transform>
        <limbtype>0</limbtype>
        <musclescale>0.324999</musclescale>
        <basemusclescale>2.349997</basemusclescale>
        <scale>1</scale>
        <position>-0.151693,0.179609,1.275202</position>
        <triangledirection>0.0206471,0.334405,0.942201</triangledirection>
        <trianglepickorigin>0,0,0</trianglepickorigin>
        <orientation>
          <row0>-0.999321,0.0356278,0.00925389</row0>
          <row1>0.0206471,0.334405,0.942201</row1>
          <row2>0.0304741,0.941754,-0.334915</row2>
        </orientation>
      </transform>
      <snapped>false</snapped>
      <childlist count="2">
        <childid>83</childid>
        <childid>11</childid>
      </childlist>
      <symmetric>8</symmetric>
      <handles count="1">
        <weight channel="0xf320ba37">0.201306</weight>
      </handles>
      <isasymmetric>false</isasymmetric>
    </blockref>
    <blockref>
      <blockid>0x40626000, 0x33fccc91</blockid>
      <transform>
        <limbtype>0</limbtype>
        <musclescale>0.25</musclescale>
        <basemusclescale>0.999996</basemusclescale>
        <scale>1</scale>
        <position>-0.164654,-0.0303540,0.683609</position>
        <triangledirection>-0.00655587,-0.419640,0.907666</triangledirection>
        <trianglepickorigin>0,0,0</trianglepickorigin>
        <orientation>
          <row0>-0.999321,0.0356278,0.00925388</row0>
          <row1>-0.00655587,-0.419640,0.907666</row1>
          <row2>0.0362215,0.906991,0.419589</row2>
        </orientation>
      </transform>
      <snapped>true</snapped>
      <childlist count="1">
        <childid>12</childid>
      </childlist>
      <symmetric>9</symmetric>
      <handles count="1">
        <weight channel="0xf320ba37">0.191156</weight>
      </handles>
      <isasymmetric>false</isasymmetric>
    </blockref>
    <blockref>
      <blockid>0x40626000, 0x5b479808</blockid>
      <transform>
        <basemusclescale>0.742191</basemusclescale>
        <scale>0.860705</scale>
        <position>-0.160712,0.222181,0.137382</position>
        <triangledirection>-4.52257e-5,1,6.45867e-6</triangledirection>
        <trianglepickorigin>0,0,0</trianglepickorigin>
        <orientation>
          <row0>1,4.52243e-5,0.000209275</row0>
          <row1>-4.52257e-5,1,6.45867e-6</row1>
          <row2>-0.000209274,-6.46812e-6,1</row2>
        </orientation>
      </transform>
      <snapped>true</snapped>
      <symmetric>13</symmetric>
      <handles count="1">
        <weight channel="0x2e6521f4">0.636429</weight>
      </handles>
      <isasymmetric>false</isasymmetric>
    </blockref>
    <blockref>
      <blockid>0x40626000, 0x540e5be6</blockid>
      <transform>
        <basemusclescale>0.742191</basemusclescale>
        <scale>0.860705</scale>
        <position>0.160712,0.222181,0.137382</position>
        <triangledirection>4.52257e-5,1,6.45867e-6</triangledirection>
        <trianglepickorigin>0,0,0</trianglepickorigin>
        <orientation>
          <row0>1,-4.52243e-5,-0.000209275</row0>
          <row1>4.52257e-5,1,6.45867e-6</row1>
          <row2>0.000209274,-6.46812e-6,1</row2>
        </orientation>
      </transform>
      <snapped>true</snapped>
      <symmetric>12</symmetric>
      <handles count="1">
        <weight channel="0x2e6521f4">0.636429</weight>
      </handles>
      <isasymmetric>false</isasymmetric>
    </blockref>
    <blockref>
      <blockid>0x40626000, 0x2051ae2d</blockid>
      <transform>
        <limbtype>0</limbtype>
        <musclescale>0.75</musclescale>
        <basemusclescale>1.399994</basemusclescale>
        <scale>1</scale>
        <position>0.145688,0.125468,1.908324</position>
        <triangledirection>-0.788092,-0.343820,0.510583</triangledirection>
        <trianglepickorigin>0,0,0</trianglepickorigin>
        <orientation>
          <row0>0.336520,-0.935190,-0.110319</row0>
          <row1>-0.788092,-0.343820,0.510583</row1>
          <row2>-0.515424,-0.0848805,-0.852720</row2>
        </orientation>
      </transform>
      <snapped>false</snapped>
      <childlist count="2">
        <childid>79</childid>
        <childid>15</childid>
      </childlist>
      <symmetric>17</symmetric>
      <handles count="1">
        <weight channel="0xf320ba37">0.0469236</weight>
      </handles>
      <isasymmetric>false</isasymmetric>
    </blockref>
    <blockref>
      <blockid>0x40626000, 0x2051ae2d</blockid>
      <transform>
        <limbtype>0</limbtype>
        <musclescale>0.5</musclescale>
        <basemusclescale>0.949998</basemusclescale>
        <scale>1</scale>
        <position>0.282920,0.185337,1.819414</position>
        <triangledirection>-0.313484,-0.221726,0.923344</triangledirection>
        <trianglepickorigin>0,0,0</trianglepickorigin>
        <orientation>
          <row0>0.336519,-0.935190,-0.110319</row0>
          <row1>-0.313484,-0.221726,0.923344</row1>
          <row2>-0.887964,-0.276140,-0.367783</row2>
        </orientation>
      </transform>
      <snapped>true</snapped>
      <childlist count="1">
        <childid>16</childid>
      </childlist>
      <symmetric>18</symmetric>
      <handles count="1">
        <weight channel="0xf320ba37">0.118431</weight>
      </handles>
      <isasymmetric>false</isasymmetric>
    </blockref>
    <blockref>
      <blockid>0x40626000, 0x2051ae2d</blockid>
      <transform>
        <limbtype>0</limbtype>
        <musclescale>0.324999</musclescale>
        <basemusclescale>0.899995</basemusclescale>
        <scale>1</scale>
        <position>0.403970,0.270956,1.462864</position>
        <triangledirection>-0.151633,0.326462,0.932968</triangledirection>
        <trianglepickorigin>0,0,0</trianglepickorigin>
        <orientation>
          <row0>0.927872,-0.278306,0.248190</row0>
          <row1>-0.151633,0.326462,0.932968</row1>
          <row2>-0.340676,-0.903308,0.260713</row2>
        </orientation>
      </transform>
      <snapped>true</snapped>
      <childlist count="1">
        <childid>21</childid>
      </childlist>
      <symmetric>19</symmetric>
      <handles count="1">
        <weight channel="0xf320ba37">0.133184</weight>
      </handles>
      <isasymmetric>false</isasymmetric>
    </blockref>
    <blockref>
      <blockid>0x40626000, 0x2051ae2d</blockid>
      <transform>
        <limbtype>0</limbtype>
        <musclescale>0.75</musclescale>
        <basemusclescale>1.399994</basemusclescale>
        <scale>1</scale>
        <position>-0.145688,0.125468,1.908324</position>
        <triangledirection>0.788092,-0.343820,0.510583</triangledirection>
        <trianglepickorigin>0,0,0</trianglepickorigin>
        <orientation>
          <row0>0.336520,0.935190,0.110319</row0>
          <row1>0.788092,-0.343820,0.510583</row1>
          <row2>0.515424,-0.0848805,-0.852720</row2>
        </orientation>
      </transform>
      <snapped>false</snapped>
      <childlist count="2">
        <childid>78</childid>
        <childid>18</childid>
      </childlist>
      <symmetric>14</symmetric>
      <handles count="1">
        <weight channel="0xf320ba37">0.0469236</weight>
      </handles>
      <isasymmetric>false</isasymmetric>
    </blockref>
    <blockref>
      <blockid>0x40626000, 0x2051ae2d</blockid>
      <transform>
        <limbtype>0</limbtype>
        <musclescale>0.5</musclescale>
        <basemusclescale>0.949998</basemusclescale>
        <scale>1</scale>
        <position>-0.282920,0.185337,1.819414</position>
        <triangledirection>0.313484,-0.221726,0.923344</triangledirection>
        <trianglepickorigin>0,0,0</trianglepickorigin>
        <orientation>
          <row0>0.336519,0.935190,0.110319</row0>
          <row1>0.313484,-0.221726,0.923344</row1>
          <row2>0.887964,-0.276140,-0.367783</row2>
        </orientation>
      </transform>
      <snapped>true</snapped>
      <childlist count="1">
        <childid>19</childid>
      </childlist>
      <symmetric>15</symmetric>
      <handles count="1">
        <weight channel="0xf320ba37">0.118431</weight>
      </handles>
      <isasymmetric>false</isasymmetric>
    </blockref>
    <blockref>
      <blockid>0x40626000, 0x2051ae2d</blockid>
      <transform>
        <limbtype>0</limbtype>
        <musclescale>0.324999</musclescale>
        <basemusclescale>0.899995</basemusclescale>
        <scale>1</scale>
        <position>-0.403970,0.270956,1.462864</position>
        <triangledirection>0.151633,0.326462,0.932968</triangledirection>
        <trianglepickorigin>0,0,0</trianglepickorigin>
        <orientation>
          <row0>0.927872,0.278306,-0.248190</row0>
          <row1>0.151633,0.326462,0.932968</row1>
          <row2>0.340676,-0.903308,0.260713</row2>
        </orientation>
      </transform>
      <snapped>true</snapped>
      <childlist count="1">
        <childid>20</childid>
      </childlist>
      <symmetric>16</symmetric>
      <handles count="1">
        <weight channel="0xf320ba37">0.133184</weight>
      </handles>
      <isasymmetric>false</isasymmetric>
    </blockref>
    <blockref>
      <blockid>0x40626000, 0x8738c83d</blockid>
      <transform>
        <basemusclescale>0.715920</basemusclescale>
        <scale>1.161834</scale>
        <position>-0.469159,0.130611,1.061792</position>
        <triangledirection>-0.200527,0.480289,0.853877</triangledirection>
        <trianglepickorigin>0,0,0</trianglepickorigin>
        <orientation>
          <row0>0.118768,-0.943060,0.310689</row0>
          <row1>0.151633,0.326462,0.932968</row1>
          <row2>-0.981275,-0.0636970,0.181773</row2>
        </orientation>
        <userorientation>
          <userorientation_row0>0.883022,0.321393,-0.342020</userorientation_row0>
          <userorientation_row1>-0.211467,0.923030,0.321393</userorientation_row1>
          <userorientation_row2>0.418987,-0.211467,0.883022</userorientation_row2>
        </userorientation>
      </transform>
      <snapped>true</snapped>
      <symmetric>21</symmetric>
      <isasymmetric>false</isasymmetric>
    </blockref>
    <blockref>
      <blockid>0x40626000, 0xd82377eb</blockid>
      <transform>
        <basemusclescale>0.715920</basemusclescale>
        <scale>1.161834</scale>
        <position>0.469159,0.130611,1.061792</position>
        <triangledirection>0.200527,0.480289,0.853877</triangledirection>
        <trianglepickorigin>0,0,0</trianglepickorigin>
        <orientation>
          <row0>0.118768,0.943060,-0.310689</row0>
          <row1>-0.151633,0.326462,0.932968</row1>
          <row2>0.981275,-0.0636970,0.181773</row2>
        </orientation>
        <userorientation>
          <userorientation_row0>0.883022,-0.321393,0.342020</userorientation_row0>
          <userorientation_row1>0.211467,0.923030,0.321393</userorientation_row1>
          <userorientation_row2>-0.418987,-0.211467,0.883022</userorientation_row2>
        </userorientation>
      </transform>
      <snapped>true</snapped>
      <symmetric>20</symmetric>
      <isasymmetric>false</isasymmetric>
    </blockref>
    <blockref>
      <blockid>0x40626000, 0xd05c53a3</blockid>
      <transform>
        <scale>0.669103</scale>
        <position>0,-0.163443,2.175348</position>
        <triangledirection>0,-0.813970,0.580904</triangledirection>
        <trianglepickorigin>0,0,0</trianglepickorigin>
        <orientation>
          <row0>1,0,0</row0>
          <row1>0,-0.813970,0.580904</row1>
          <row2>0,-0.580904,-0.813970</row2>
        </orientation>
      </transform>
      <snapped>false</snapped>
      <childlist count="24">
        <childid>70</childid>
        <childid>66</childid>
        <childid>65</childid>
        <childid>64</childid>
        <childid>63</childid>
        <childid>62</childid>
        <childid>61</childid>
        <childid>60</childid>
        <childid>59</childid>
        <childid>58</childid>
        <childid>57</childid>
        <childid>56</childid>
        <childid>55</childid>
        <childid>52</childid>
        <childid>51</childid>
        <childid>50</childid>
        <childid>49</childid>
        <childid>46</childid>
        <childid>43</childid>
        <childid>42</childid>
        <childid>41</childid>
        <childid>40</childid>
        <childid>24</childid>
        <childid>23</childid>
      </childlist>
      <isasymmetric>false</isasymmetric>
    </blockref>
    <blockref>
      <blockid>0x40626000, 0xf554a0b8</blockid>
      <transform>
        <scale>0.699998</scale>
        <position>-0.0674275,-0.182602,2.161544</position>
        <triangledirection>0.0195854,0.965444,0.259858</triangledirection>
        <trianglepickorigin>0,0,0</trianglepickorigin>
        <orientation>
          <row0>0.797462,-0.603366,2.68219e-7</row0>
          <row1>0.461311,0.609710,0.644547</row1>
          <row2>-0.388898,-0.514002,0.764563</row2>
        </orientation>
        <userorientation>
          <userorientation_row0>0.821415,0.496968,-0.279816</userorientation_row0>
          <userorientation_row1>-0.566899,0.765169,-0.305180</userorientation_row1>
          <userorientation_row2>0.0624415,0.409310,0.910255</userorientation_row2>
        </userorientation>
      </transform>
      <snapped>false</snapped>
      <symmetric>24</symmetric>
      <isasymmetric>false</isasymmetric>
    </blockref>
    <blockref>
      <blockid>0x40626000, 0x6676e396</blockid>
      <transform>
        <scale>0.699998</scale>
        <position>0.0674275,-0.182602,2.161544</position>
        <triangledirection>-0.0195854,0.965444,0.259858</triangledirection>
        <trianglepickorigin>0,0,0</trianglepickorigin>
        <orientation>
          <row0>0.797462,0.603366,-2.68219e-7</row0>
          <row1>-0.461311,0.609710,0.644547</row1>
          <row2>0.388898,-0.514002,0.764563</row2>
        </orientation>
        <userorientation>
          <userorientation_row0>0.821415,-0.496968,0.279816</userorientation_row0>
          <userorientation_row1>0.566899,0.765169,-0.305180</userorientation_row1>
          <userorientation_row2>-0.0624415,0.409310,0.910255</userorientation_row2>
        </userorientation>
      </transform>
      <snapped>false</snapped>
      <symmetric>23</symmetric>
      <isasymmetric>false</isasymmetric>
    </blockref>
    <blockref>
      <blockid>0x40626000, 0x06fa3d43</blockid>
      <transform>
        <scale>0.740818</scale>
        <position>1.20782e-5,-0.234830,2.083564</position>
        <triangledirection>-0.00166132,0.940702,0.339226</triangledirection>
        <trianglepickorigin>0,0,0</trianglepickorigin>
        <orientation>
          <row0>0.999997,0.00176605,1.12049e-8</row0>
          <row1>-0.00171728,0.972382,-0.233386</row1>
          <row2>-0.000412185,0.233385,0.972383</row2>
        </orientation>
        <userorientation>
          <userorientation_row0>1,0,0</userorientation_row0>
          <userorientation_row1>0,0.835554,0.549407</userorientation_row1>
          <userorientation_row2>0,-0.549407,0.835554</userorientation_row2>
        </userorientation>
      </transform>
      <snapped>false</snapped>
      <handles count="1">
        <weight channel="0x2e6521f4">0.0589317</weight>
      </handles>
      <isasymmetric>false</isasymmetric>
    </blockref>
    <blockref>
      <blockid>0x40626000, 0xe70274e0</blockid>
      <transform>
        <scale>1</scale>
        <position>-0.132826,-0.0249371,2.152925</position>
        <triangledirection>0.798588,0.0592165,0.598954</triangledirection>
        <trianglepickorigin>0,0,0</trianglepickorigin>
        <orientation>
          <row0>0.0474863,-0.998871,2.14203e-8</row0>
          <row1>0.959313,0.0456059,0.278631</row1>
          <row2>-0.278317,-0.0132312,0.960397</row2>
        </orientation>
        <userorientation>
          <userorientation_row0>0.999741,0.0226844,-1.00278e-5</userorientation_row0>
          <userorientation_row1>-0.0212276,0.935687,0.352189</userorientation_row1>
          <userorientation_row2>0.00799866,-0.352097,0.935926</userorientation_row2>
        </userorientation>
      </transform>
      <snapped>false</snapped>
      <symmetric>27</symmetric>
      <handles count="1">
        <weight channel="0xd02751de">0.0467602</weight>
      </handles>
      <isasymmetric>false</isasymmetric>
    </blockref>
    <blockref>
      <blockid>0x40626000, 0xd6ade96e</blockid>
      <transform>
        <scale>1</scale>
        <position>0.132826,-0.0249371,2.152925</position>
        <triangledirection>-0.798588,0.0592165,0.598954</triangledirection>
        <trianglepickorigin>0,0,0</trianglepickorigin>
        <orientation>
          <row0>0.0474863,0.998871,-1.18277e-7</row0>
          <row1>-0.959313,0.0456059,0.278631</row1>
          <row2>0.278317,-0.0132310,0.960397</row2>
        </orientation>
        <userorientation>
          <userorientation_row0>0.999741,-0.0226844,1.00278e-5</userorientation_row0>
          <userorientation_row1>0.0212276,0.935687,0.352189</userorientation_row1>
          <userorientation_row2>-0.00799866,-0.352097,0.935926</userorientation_row2>
        </userorientation>
      </transform>
      <snapped>false</snapped>
      <symmetric>26</symmetric>
      <handles count="1">
        <weight channel="0xd02751de">0.0467602</weight>
      </handles>
      <isasymmetric>false</isasymmetric>
    </blockref>
    <blockref>
      <blockid>0x40626000, 0xfb60af37</blockid>
      <transform>
        <scale>1</scale>
        <position>0,-0.104148,2.080131</position>
        <triangledirection>-0.000996827,0.564436,0.825474</triangledirection>
        <trianglepickorigin>0,0,0</trianglepickorigin>
        <orientation>
          <row0>0.999997,0.00176605,3.08500e-9</row0>
          <row1>-0.000996827,0.564436,0.825474</row1>
          <row2>0.00145782,-0.825474,0.564436</row2>
        </orientation>
      </transform>
      <snapped>false</snapped>
      <childlist count="10">
        <childid>77</childid>
        <childid>45</childid>
        <childid>44</childid>
        <childid>39</childid>
        <childid>38</childid>
        <childid>37</childid>
        <childid>36</childid>
        <childid>35</childid>
        <childid>34</childid>
        <childid>25</childid>
      </childlist>
      <handles count="3">
        <weight channel="0xd02751de">0.749661</weight>
        <weight channel="0x2e6521f4">0.251673</weight>
        <weight channel="0x7cc96c02">0.5</weight>
      </handles>
      <isasymmetric>false</isasymmetric>
    </blockref>
    <blockref>
      <blockid>0x40626000, 0x2275f76c</blockid>
      <transform>
        <scale>1</scale>
        <position>0,-0.0159319,2.000324</position>
        <triangledirection>3.94053e-6,-0.00379290,0.999988</triangledirection>
        <trianglepickorigin>0,0,0</trianglepickorigin>
        <orientation>
          <row0>0.999998,0.00103911,7.56698e-10</row0>
          <row1>-0.000899253,0.865396,0.501084</row1>
          <row2>0.000520685,-0.501084,0.865397</row2>
        </orientation>
        <userorientation>
          <userorientation_row0>1,0,0</userorientation_row0>
          <userorientation_row1>0,0.497797,0.867290</userorientation_row1>
          <userorientation_row2>0,-0.867290,0.497797</userorientation_row2>
        </userorientation>
      </transform>
      <snapped>false</snapped>
      <handles count="2">
        <weight channel="0x2e6521f4">1</weight>
        <weight channel="0xd02751de">1</weight>
      </handles>
      <isasymmetric>false</isasymmetric>
    </blockref>
    <blockref>
      <blockid>0x40626000, 0x2275f76c</blockid>
      <transform>
        <scale>1</scale>
        <position>-0.0787746,0.00718202,2.044353</position>
        <triangledirection>0.0384588,0.0192031,0.999072</triangledirection>
        <trianglepickorigin>0,0,0</trianglepickorigin>
        <orientation>
          <row0>0.446720,-0.894672,2.53319e-7</row0>
          <row1>0.794371,0.396638,0.460056</row1>
          <row2>-0.411599,-0.205515,0.887889</row2>
        </orientation>
        <userorientation>
          <userorientation_row0>1,0,0</userorientation_row0>
          <userorientation_row1>0,0.497797,0.867290</userorientation_row1>
          <userorientation_row2>0,-0.867290,0.497797</userorientation_row2>
        </userorientation>
      </transform>
      <snapped>false</snapped>
      <symmetric>31</symmetric>
      <handles count="2">
        <weight channel="0x2e6521f4">1</weight>
        <weight channel="0xd02751de">1</weight>
      </handles>
      <isasymmetric>false</isasymmetric>
    </blockref>
    <blockref>
      <blockid>0x40626000, 0x2275f76c</blockid>
      <transform>
        <scale>1</scale>
        <position>0.0805412,0.00612791,2.043764</position>
        <triangledirection>0.0114706,-0.00524212,0.999916</triangledirection>
        <trianglepickorigin>0,0,0</trianglepickorigin>
        <orientation>
          <row0>0.415681,0.909509,-4.32132e-7</row0>
          <row1>-0.783038,0.357879,0.508696</row1>
          <row2>0.462664,-0.211456,0.860944</row2>
        </orientation>
        <userorientation>
          <userorientation_row0>1,0,0</userorientation_row0>
          <userorientation_row1>0,0.497797,0.867290</userorientation_row1>
          <userorientation_row2>0,-0.867290,0.497797</userorientation_row2>
        </userorientation>
      </transform>
      <snapped>false</snapped>
      <symmetric>30</symmetric>
      <handles count="2">
        <weight channel="0x2e6521f4">1</weight>
        <weight channel="0xd02751de">1</weight>
      </handles>
      <isasymmetric>false</isasymmetric>
    </blockref>
    <blockref>
      <blockid>0x40626000, 0x2275f76c</blockid>
      <transform>
        <scale>1</scale>
        <position>-0.112350,-0.00554755,2.104161</position>
        <triangledirection>0.00878163,0.000440297,0.999957</triangledirection>
        <trianglepickorigin>0,0,0</trianglepickorigin>
        <orientation>
          <row0>0.0500729,-0.998745,2.04890e-8</row0>
          <row1>0.870541,0.0436454,0.490153</row1>
          <row2>-0.489538,-0.0245434,0.871635</row2>
        </orientation>
        <userorientation>
          <userorientation_row0>1,0,0</userorientation_row0>
          <userorientation_row1>0,0.497797,0.867290</userorientation_row1>
          <userorientation_row2>0,-0.867290,0.497797</userorientation_row2>
        </userorientation>
      </transform>
      <snapped>false</snapped>
      <symmetric>33</symmetric>
      <handles count="2">
        <weight channel="0x2e6521f4">1</weight>
        <weight channel="0xd02751de">1</weight>
      </handles>
      <isasymmetric>false</isasymmetric>
    </blockref>
    <blockref>
      <blockid>0x40626000, 0x2275f76c</blockid>
      <transform>
        <scale>1</scale>
        <position>0.113572,-0.00618153,2.104541</position>
        <triangledirection>-0.0163362,0.000827801,0.999863</triangledirection>
        <trianglepickorigin>0,0,0</trianglepickorigin>
        <orientation>
          <row0>0.0506068,0.998718,-1.49010e-8</row0>
          <row1>-0.874197,0.0442971,0.483545</row1>
          <row2>0.482924,-0.0244706,0.875319</row2>
        </orientation>
        <userorientation>
          <userorientation_row0>1,0,0</userorientation_row0>
          <userorientation_row1>0,0.497797,0.867290</userorientation_row1>
          <userorientation_row2>0,-0.867290,0.497797</userorientation_row2>
        </userorientation>
      </transform>
      <snapped>false</snapped>
      <symmetric>32</symmetric>
      <handles count="2">
        <weight channel="0x2e6521f4">1</weight>
        <weight channel="0xd02751de">1</weight>
      </handles>
      <isasymmetric>false</isasymmetric>
    </blockref>
    <blockref>
      <blockid>0x40626000, 0x2275f76c</blockid>
      <transform>
        <scale>1</scale>
        <position>0.123790,-0.108125,2.101308</position>
        <triangledirection>-0.520146,-0.544174,0.658268</triangledirection>
        <trianglepickorigin>0,0,0</trianglepickorigin>
        <orientation>
          <row0>0.0932430,0.994340,0.0509232</row0>
          <row1>-0.994805,0.0951391,-0.0361680</row1>
          <row2>-0.0408081,-0.0472863,0.998046</row2>
        </orientation>
        <userorientation>
          <userorientation_row0>0.622123,0.782917,1.78812e-7</userorientation_row0>
          <userorientation_row1>-0.556073,0.441864,0.703942</userorientation_row1>
          <userorientation_row2>0.551127,-0.437938,0.710255</userorientation_row2>
        </userorientation>
      </transform>
      <snapped>false</snapped>
      <symmetric>35</symmetric>
      <handles count="2">
        <weight channel="0x2e6521f4">0.749234</weight>
        <weight channel="0xd02751de">0.281717</weight>
      </handles>
      <isasymmetric>false</isasymmetric>
    </blockref>
    <blockref>
      <blockid>0x40626000, 0x2275f76c</blockid>
      <transform>
        <scale>1</scale>
        <position>-0.123787,-0.108139,2.101321</position>
        <triangledirection>0.520296,-0.544107,0.658204</triangledirection>
        <trianglepickorigin>0,0,0</trianglepickorigin>
        <orientation>
          <row0>0.0933632,-0.994328,-0.0509347</row0>
          <row1>0.994790,0.0952657,-0.0362907</row1>
          <row2>0.0409372,-0.0472811,0.998041</row2>
        </orientation>
        <userorientation>
          <userorientation_row0>0.622123,-0.782917,-1.78812e-7</userorientation_row0>
          <userorientation_row1>0.556073,0.441864,0.703942</userorientation_row1>
          <userorientation_row2>-0.551127,-0.437938,0.710255</userorientation_row2>
        </userorientation>
      </transform>
      <snapped>false</snapped>
      <symmetric>34</symmetric>
      <handles count="2">
        <weight channel="0x2e6521f4">0.749234</weight>
        <weight channel="0xd02751de">0.281717</weight>
      </handles>
      <isasymmetric>false</isasymmetric>
    </blockref>
    <blockref>
      <blockid>0x40626000, 0x2275f76c</blockid>
      <transform>
        <scale>1</scale>
        <position>-3.56697e-6,-0.148111,1.983919</position>
        <triangledirection>-0.000719118,0.407182,0.913345</triangledirection>
        <trianglepickorigin>0,0,0</trianglepickorigin>
        <orientation>
          <row0>0.999997,0.00176605,1.27473e-8</row0>
          <row1>-0.000719118,0.407182,0.913345</row1>
          <row2>0.00161300,-0.913344,0.407182</row2>
        </orientation>
      </transform>
      <snapped>false</snapped>
      <symmetric>77</symmetric>
      <handles count="2">
        <weight channel="0x2e6521f4">1</weight>
        <weight channel="0xd02751de">0.265477</weight>
      </handles>
      <isasymmetric>false</isasymmetric>
    </blockref>
    <blockref>
      <blockid>0x40626000, 0x2275f76c</blockid>
      <transform>
        <scale>1</scale>
        <position>-0.0469066,-0.215652,2.019248</position>
        <triangledirection>-0.987709,0.0861122,0.130413</triangledirection>
        <trianglepickorigin>0,0,0</trianglepickorigin>
        <orientation>
          <row0>0.856440,-0.515568,-0.0264389</row0>
          <row1>0.512969,0.844126,0.155916</row1>
          <row2>-0.0580676,-0.147094,0.987416</row2>
        </orientation>
        <userorientation>
          <userorientation_row0>-0.447775,0.800225,-0.398918</userorientation_row0>
          <userorientation_row1>-0.893760,-0.413643,0.173461</userorientation_row1>
          <userorientation_row2>-0.0262019,0.434210,0.900430</userorientation_row2>
        </userorientation>
      </transform>
      <snapped>false</snapped>
      <symmetric>38</symmetric>
      <handles count="2">
        <weight channel="0x2e6521f4">1</weight>
        <weight channel="0xd02751de">0</weight>
      </handles>
      <isasymmetric>false</isasymmetric>
    </blockref>
    <blockref>
      <blockid>0x40626000, 0x2275f76c</blockid>
      <transform>
        <scale>1</scale>
        <position>0.0469135,-0.215645,2.019243</position>
        <triangledirection>0.987716,0.0862376,0.130291</triangledirection>
        <trianglepickorigin>0,0,0</trianglepickorigin>
        <orientation>
          <row0>0.856377,0.515676,0.0263327</row0>
          <row1>-0.513058,0.844061,0.155978</row1>
          <row2>0.0582083,-0.147086,0.987408</row2>
        </orientation>
        <userorientation>
          <userorientation_row0>-0.447775,-0.800225,0.398918</userorientation_row0>
          <userorientation_row1>0.893760,-0.413643,0.173461</userorientation_row1>
          <userorientation_row2>0.0262019,0.434210,0.900430</userorientation_row2>
        </userorientation>
      </transform>
      <snapped>false</snapped>
      <symmetric>37</symmetric>
      <handles count="2">
        <weight channel="0x2e6521f4">1</weight>
        <weight channel="0xd02751de">0</weight>
      </handles>
      <isasymmetric>false</isasymmetric>
    </blockref>
    <blockref>
      <blockid>0x40626000, 0x2275f76c</blockid>
      <transform>
        <scale>1</scale>
        <position>-6.94606e-6,-0.128313,1.963631</position>
        <triangledirection>-0.000188384,0.106665,0.994295</triangledirection>
        <trianglepickorigin>0,0,0</trianglepickorigin>
        <orientation>
          <row0>0.999997,0.00176603,8.35278e-9</row0>
          <row1>-0.000188384,0.106665,0.994295</row1>
          <row2>0.00175596,-0.994292,0.106665</row2>
        </orientation>
      </transform>
      <snapped>false</snapped>
      <handles count="2">
        <weight channel="0x2e6521f4">1</weight>
        <weight channel="0xd02751de">0.265477</weight>
      </handles>
      <isasymmetric>false</isasymmetric>
    </blockref>
    <blockref>
      <blockid>0x40626000, 0x2275f76c</blockid>
      <transform>
        <scale>0.800000</scale>
        <position>-0.0710648,-0.206726,2.194618</position>
        <triangledirection>0.898066,0.189272,-0.397047</triangledirection>
        <trianglepickorigin>0,0,0</trianglepickorigin>
        <orientation>
          <row0>0.830541,-0.556957,3.42725e-7</row0>
          <row1>0.492505,0.734429,0.466960</row1>
          <row2>-0.260076,-0.387829,0.884277</row2>
        </orientation>
        <userorientation>
          <userorientation_row0>-0.767983,0.330163,-0.548802</userorientation_row0>
          <userorientation_row1>0.640465,0.395904,-0.658074</userorientation_row1>
          <userorientation_row2>3.25873e-7,-0.856881,-0.515510</userorientation_row2>
        </userorientation>
      </transform>
      <snapped>false</snapped>
      <symmetric>41</symmetric>
      <handles count="2">
        <weight channel="0x2e6521f4">1</weight>
        <weight channel="0xd02751de">0</weight>
      </handles>
      <isasymmetric>false</isasymmetric>
    </blockref>
    <blockref>
      <blockid>0x40626000, 0x2275f76c</blockid>
      <transform>
        <scale>0.800000</scale>
        <position>0.0710648,-0.206726,2.194618</position>
        <triangledirection>-0.898066,0.189272,-0.397047</triangledirection>
        <trianglepickorigin>0,0,0</trianglepickorigin>
        <orientation>
          <row0>0.830541,0.556957,-3.42725e-7</row0>
          <row1>-0.492505,0.734429,0.466960</row1>
          <row2>0.260076,-0.387829,0.884277</row2>
        </orientation>
        <userorientation>
          <userorientation_row0>-0.767983,-0.330163,0.548802</userorientation_row0>
          <userorientation_row1>-0.640465,0.395904,-0.658074</userorientation_row1>
          <userorientation_row2>-3.25873e-7,-0.856881,-0.515510</userorientation_row2>
        </userorientation>
      </transform>
