<?xml version="1.0" encoding="UTF-8"?><sporemodel>
  <formatversion>18</formatversion>
  <properties>
    <modeltype>0x4178b8e8</modeltype>
    <skineffect1>0x0156ac06</skineffect1>
    <skineffect2>0xcf48a38f</skineffect2>
    <skineffect3>0xf09862ba</skineffect3>
    <skineffectseed1>1234</skineffectseed1>
    <skineffectseed2>1234</skineffectseed2>
    <skineffectseed3>1234</skineffectseed3>
    <skincolor1>0.803919,0.592154,0.149019</skincolor1>
    <skincolor2>0.129409,0.694117,0.694117</skincolor2>
    <skincolor3>0.443136,0.266667,0.203922</skincolor3>
    <zcorpscore>1</zcorpscore>
  </properties>
  <blocks count="46">
    <blockref>
      <blockid>0x40626000, 0xd05c53a3</blockid>
      <transform>
        <scale>0.715963</scale>
        <position>0,0.463416,1.577435</position>
        <triangledirection>0,0.426330,-0.904567</triangledirection>
        <trianglepickorigin>0,0,0</trianglepickorigin>
        <orientation>
          <row0>1,0,0</row0>
          <row1>0,0.426330,-0.904567</row1>
          <row2>0,0.904567,0.426330</row2>
        </orientation>
      </transform>
      <snapped>false</snapped>
      <childlist count="1">
        <childid>1</childid>
      </childlist>
      <isasymmetric>false</isasymmetric>
    </blockref>
    <blockref>
      <blockid>0x40626000, 0xd05c53a3</blockid>
      <transform>
        <scale>0.789928</scale>
        <position>0,0.495649,1.475046</position>
        <triangledirection>0,0.168718,-0.985664</triangledirection>
        <trianglepickorigin>0,0,0</trianglepickorigin>
        <orientation>
          <row0>1,0,0</row0>
          <row1>0,0.168718,-0.985664</row1>
          <row2>0,0.985664,0.168718</row2>
        </orientation>
      </transform>
      <snapped>false</snapped>
      <childlist count="2">
        <childid>34</childid>
        <childid>2</childid>
      </childlist>
      <isasymmetric>false</isasymmetric>
    </blockref>
    <blockref>
      <blockid>0x40626000, 0xd05c53a3</blockid>
      <transform>
        <scale>0.851414</scale>
        <position>0,0.519038,1.364953</position>
        <triangledirection>0,0.246558,-0.969126</triangledirection>
        <trianglepickorigin>0,0,0</trianglepickorigin>
        <orientation>
          <row0>1,0,0</row0>
          <row1>0,0.246558,-0.969126</row1>
          <row2>0,0.969126,0.246558</row2>
        </orientation>
      </transform>
      <snapped>false</snapped>
      <childlist count="1">
        <childid>3</childid>
      </childlist>
      <isasymmetric>false</isasymmetric>
    </blockref>
    <blockref>
      <blockid>0x40626000, 0xd05c53a3</blockid>
      <transform>
        <scale>0.848330</scale>
        <position>0,0.534098,1.257683</position>
        <triangledirection>0,0.0298398,-0.999553</triangledirection>
        <trianglepickorigin>0,0,0</trianglepickorigin>
        <orientation>
          <row0>1,0,0</row0>
          <row1>0,0.0298398,-0.999553</row1>
          <row2>0,0.999553,0.0298398</row2>
        </orientation>
      </transform>
      <snapped>false</snapped>
      <childlist count="2">
        <childid>16</childid>
        <childid>4</childid>
      </childlist>
      <isasymmetric>false</isasymmetric>
    </blockref>
    <blockref>
      <blockid>0x40626000, 0xd05c53a3</blockid>
      <transform>
        <scale>0.864080</scale>
        <position>0,0.535776,1.146402</position>
        <triangledirection>0,0.000327229,-0.999998</triangledirection>
        <trianglepickorigin>0,0,0</trianglepickorigin>
        <orientation>
          <row0>1,0,0</row0>
          <row1>0,0.000327229,-0.999998</row1>
          <row2>0,0.999998,0.000327229</row2>
        </orientation>
      </transform>
      <snapped>false</snapped>
      <childlist count="3">
        <childid>21</childid>
        <childid>19</childid>
        <childid>5</childid>
      </childlist>
      <isasymmetric>false</isasymmetric>
    </blockref>
    <blockref>
      <blockid>0x40626000, 0xd05c53a3</blockid>
      <transform>
        <scale>0.848957</scale>
        <position>0,0.535870,1.034723</position>
        <triangledirection>0,0.00134474,-0.999998</triangledirection>
        <trianglepickorigin>0,0,0</trianglepickorigin>
        <orientation>
          <row0>1,0,0</row0>
          <row1>0,0.00134474,-0.999998</row1>
          <row2>0,0.999998,0.00134474</row2>
        </orientation>
      </transform>
      <snapped>false</snapped>
      <childlist count="1">
        <childid>6</childid>
      </childlist>
      <isasymmetric>false</isasymmetric>
    </blockref>
    <blockref>
      <blockid>0x40626000, 0xd05c53a3</blockid>
      <transform>
        <scale>0.826241</scale>
        <position>0,0.528900,0.925095</position>
        <triangledirection>0,-0.127979,-0.991775</triangledirection>
        <trianglepickorigin>0,0,0</trianglepickorigin>
        <orientation>
          <row0>1,0,0</row0>
          <row1>0,-0.127979,-0.991775</row1>
          <row2>0,0.991775,-0.127979</row2>
        </orientation>
      </transform>
      <snapped>false</snapped>
      <childlist count="4">
        <childid>43</childid>
        <childid>37</childid>
        <childid>36</childid>
        <childid>7</childid>
      </childlist>
      <isasymmetric>false</isasymmetric>
    </blockref>
    <blockref>
      <blockid>0x40626000, 0xd05c53a3</blockid>
      <transform>
        <scale>0.721085</scale>
        <position>0,0.514406,0.814422</position>
        <triangledirection>0,-0.131721,-0.991285</triangledirection>
        <trianglepickorigin>0,0,0</trianglepickorigin>
        <orientation>
          <row0>1,0,0</row0>
          <row1>0,-0.131721,-0.991285</row1>
          <row2>0,0.991285,-0.131721</row2>
        </orientation>
      </transform>
      <snapped>false</snapped>
      <childlist count="2">
        <childid>39</childid>
        <childid>8</childid>
      </childlist>
      <isasymmetric>false</isasymmetric>
    </blockref>
    <blockref>
      <blockid>0x40626000, 0xd05c53a3</blockid>
      <transform>
        <scale>0.662463</scale>
        <position>0,0.495038,0.705650</position>
        <triangledirection>0,-0.218523,-0.975830</triangledirection>
        <trianglepickorigin>0,0,0</trianglepickorigin>
        <orientation>
          <row0>1,0,0</row0>
          <row1>0,-0.218523,-0.975830</row1>
          <row2>0,0.975830,-0.218523</row2>
        </orientation>
      </transform>
      <snapped>false</snapped>
      <childlist count="3">
        <childid>28</childid>
        <childid>25</childid>
        <childid>13</childid>
      </childlist>
      <isasymmetric>false</isasymmetric>
    </blockref>
    <blockref>
      <blockid>0x40626000, 0xd05c53a3</blockid>
      <transform>
        <scale>0.581399</scale>
        <position>0,0.410192,1.673503</position>
        <triangledirection>0,0.540840,-0.841123</triangledirection>
        <trianglepickorigin>0,0,0</trianglepickorigin>
        <orientation>
          <row0>0.999998,0,0</row0>
          <row1>0,0.540840,-0.841123</row1>
          <row2>0,0.841123,0.540840</row2>
        </orientation>
      </transform>
      <snapped>false</snapped>
      <childlist count="2">
        <childid>33</childid>
        <childid>0</childid>
      </childlist>
      <isasymmetric>false</isasymmetric>
    </blockref>
    <blockref>
      <blockid>0x40626000, 0xd05c53a3</blockid>
      <transform>
        <scale>0.490126</scale>
        <position>0,0.342734,1.758803</position>
        <triangledirection>0,0.693854,-0.720113</triangledirection>
        <trianglepickorigin>0,0,0</trianglepickorigin>
        <orientation>
          <row0>1,0,0</row0>
          <row1>0,0.693854,-0.720113</row1>
          <row2>0,0.720113,0.693854</row2>
        </orientation>
      </transform>
      <snapped>false</snapped>
      <childlist count="1">
        <childid>9</childid>
      </childlist>
      <isasymmetric>false</isasymmetric>
    </blockref>
    <blockref>
      <blockid>0x40626000, 0xd05c53a3</blockid>
      <transform>
        <scale>0.394454</scale>
        <position>0,0.266734,1.841328</position>
        <triangledirection>0,0.660649,-0.750693</triangledirection>
        <trianglepickorigin>0,0,0</trianglepickorigin>
        <orientation>
          <row0>1,0,0</row0>
          <row1>0,0.660649,-0.750693</row1>
          <row2>0,0.750693,0.660649</row2>
        </orientation>
      </transform>
      <snapped>false</snapped>
      <childlist count="1">
        <childid>10</childid>
      </childlist>
      <isasymmetric>false</isasymmetric>
    </blockref>
    <blockref>
      <blockid>0x40626000, 0xd05c53a3</blockid>
      <transform>
        <scale>0.292151</scale>
        <position>0,0.193498,1.925878</position>
        <triangledirection>0,0.648745,-0.761004</triangledirection>
        <trianglepickorigin>0,0,0</trianglepickorigin>
        <orientation>
          <row0>1,0,0</row0>
          <row1>0,0.648745,-0.761004</row1>
          <row2>0,0.761004,0.648745</row2>
        </orientation>
      </transform>
      <snapped>false</snapped>
      <childlist count="1">
        <childid>11</childid>
      </childlist>
      <isasymmetric>false</isasymmetric>
    </blockref>
    <blockref>
      <blockid>0x40626000, 0xd05c53a3</blockid>
      <transform>
        <scale>0.554023</scale>
        <position>0,0.450388,0.612477</position>
        <triangledirection>0,-0.623691,-0.781669</triangledirection>
        <trianglepickorigin>0,0,0</trianglepickorigin>
        <orientation>
          <row0>1,0,0</row0>
          <row1>0,-0.623691,-0.781669</row1>
          <row2>0,0.781669,-0.623691</row2>
        </orientation>
      </transform>
      <snapped>false</snapped>
      <childlist count="1">
        <childid>14</childid>
      </childlist>
      <isasymmetric>false</isasymmetric>
    </blockref>
    <blockref>
      <blockid>0x40626000, 0xd05c53a3</blockid>
      <transform>
        <scale>0.472618</scale>
        <position>0,0.371526,0.541345</position>
        <triangledirection>0,-0.841629,-0.540053</triangledirection>
        <trianglepickorigin>0,0,0</trianglepickorigin>
        <orientation>
          <row0>1,0,0</row0>
          <row1>0,-0.841629,-0.540053</row1>
          <row2>0,0.540053,-0.841629</row2>
        </orientation>
      </transform>
      <snapped>false</snapped>
      <childlist count="3">
        <childid>42</childid>
        <childid>38</childid>
        <childid>15</childid>
      </childlist>
      <isasymmetric>false</isasymmetric>
    </blockref>
    <blockref>
      <blockid>0x40626000, 0xd05c53a3</blockid>
      <transform>
        <scale>0.369616</scale>
        <position>0,0.274408,0.493939</position>
        <triangledirection>0,-0.943526,-0.331297</triangledirection>
        <trianglepickorigin>0,0,0</trianglepickorigin>
        <orientation>
          <row0>1,0,0</row0>
          <row1>0,-0.943526,-0.331297</row1>
          <row2>0,0.331297,-0.943526</row2>
        </orientation>
      </transform>
      <snapped>false</snapped>
      <isasymmetric>false</isasymmetric>
    </blockref>
    <blockref>
      <blockid>0x40626000, 0xfb60af37</blockid>
      <transform>
        <scale>1.077883</scale>
        <position>0,0.208688,1.252663</position>
        <triangledirection>0,0.989367,0.145437</triangledirection>
        <trianglepickorigin>0,0,0</trianglepickorigin>
        <orientation>
          <row0>1,0,0</row0>
          <row1>0,0.989367,0.145437</row1>
          <row2>0,-0.145437,0.989367</row2>
        </orientation>
      </transform>
      <snapped>false</snapped>
      <childlist count="2">
        <childid>18</childid>
        <childid>17</childid>
      </childlist>
      <handles count="3">
        <weight channel="0xd02751de">0.5</weight>
        <weight channel="0x2e6521f4">0.251673</weight>
        <weight channel="0x7cc96c02">0.628152</weight>
      </handles>
      <isasymmetric>false</isasymmetric>
    </blockref>
    <blockref>
      <blockid>0x40626000, 0x0330d834</blockid>
      <transform>
        <scale>1.161834</scale>
        <position>-0.0567746,0.190295,1.349905</position>
        <triangledirection>0.325931,0.934530,-0.142895</triangledirection>
        <trianglepickorigin>0,0,0</trianglepickorigin>
        <orientation>
          <row0>0.400824,-0.915540,-0.0335005</row0>
          <row1>0.304677,0.167695,-0.937575</row1>
          <row2>0.864008,0.365597,0.346161</row2>
        </orientation>
        <userorientation>
          <userorientation_row0>0.476191,0.879341,0</userorientation_row0>
          <userorientation_row1>-0.720173,0.389997,0.573804</userorientation_row1>
          <userorientation_row2>0.504570,-0.273241,0.818991</userorientation_row2>
        </userorientation>
      </transform>
      <snapped>false</snapped>
      <symmetric>18</symmetric>
      <isasymmetric>false</isasymmetric>
    </blockref>
    <blockref>
      <blockid>0x40626000, 0x4b1ae65a</blockid>
      <transform>
        <scale>1.161834</scale>
        <position>0.0567746,0.190295,1.349905</position>
        <triangledirection>-0.325931,0.934530,-0.142895</triangledirection>
        <trianglepickorigin>0,0,0</trianglepickorigin>
        <orientation>
          <row0>0.400824,0.915540,0.0335005</row0>
          <row1>-0.304677,0.167695,-0.937575</row1>
          <row2>-0.864008,0.365597,0.346161</row2>
        </orientation>
        <userorientation>
          <userorientation_row0>0.476191,-0.879341,-2.98021e-8</userorientation_row0>
          <userorientation_row1>0.720173,0.389997,0.573804</userorientation_row1>
          <userorientation_row2>-0.504570,-0.273241,0.818991</userorientation_row2>
        </userorientation>
      </transform>
      <snapped>false</snapped>
      <symmetric>17</symmetric>
      <isasymmetric>false</isasymmetric>
    </blockref>
    <blockref>
      <blockid>0x40626000, 0x2051ae2d</blockid>
      <transform>
        <limbtype>0</limbtype>
        <musclescale>0.349999</musclescale>
        <basemusclescale>0.800000</basemusclescale>
        <scale>1</scale>
        <position>0.181806,0.438311,1.205513</position>
        <triangledirection>-0.771857,-0.0273032,0.635208</triangledirection>
        <trianglepickorigin>0,0,0</trianglepickorigin>
        <orientation>
          <row0>0.478309,-0.683143,0.551844</row0>
          <row1>-0.771857,-0.0273032,0.635208</row1>
          <row2>-0.418870,-0.729771,-0.540350</row2>
        </orientation>
      </transform>
      <snapped>false</snapped>
      <childlist count="2">
        <childid>45</childid>
        <childid>20</childid>
      </childlist>
      <symmetric>21</symmetric>
      <handles count="1">
        <weight channel="0xf320ba37">0.101838</weight>
      </handles>
      <isasymmetric>false</isasymmetric>
    </blockref>
    <blockref>
      <blockid>0x40626000, 0x2051ae2d</blockid>
      <transform>
        <limbtype>0</limbtype>
        <musclescale>0.349999</musclescale>
        <basemusclescale>0.999997</basemusclescale>
        <scale>1</scale>
        <position>0.441890,0.447512,0.991474</position>
        <triangledirection>0.0278523,0.639872,0.767975</triangledirection>
        <trianglepickorigin>0,0,0</trianglepickorigin>
        <orientation>
          <row0>0.478309,-0.683143,0.551844</row0>
          <row1>0.0278523,0.639872,0.767975</row1>
          <row2>-0.877749,-0.351960,0.325084</row2>
        </orientation>
      </transform>
      <snapped>true</snapped>
      <childlist count="1">
        <childid>24</childid>
      </childlist>
      <symmetric>22</symmetric>
      <handles count="1">
        <weight channel="0xf320ba37">0.0718574</weight>
      </handles>
      <isasymmetric>false</isasymmetric>
    </blockref>
    <blockref>
      <blockid>0x40626000, 0x2051ae2d</blockid>
      <transform>
        <limbtype>0</limbtype>
        <musclescale>0.349999</musclescale>
        <basemusclescale>0.800000</basemusclescale>
        <scale>1</scale>
        <position>-0.181806,0.438311,1.205513</position>
        <triangledirection>0.771857,-0.0273032,0.635208</triangledirection>
        <trianglepickorigin>0,0,0</trianglepickorigin>
        <orientation>
          <row0>0.478309,0.683143,-0.551844</row0>
          <row1>0.771857,-0.0273032,0.635208</row1>
          <row2>0.418870,-0.729771,-0.540350</row2>
        </orientation>
      </transform>
      <snapped>false</snapped>
      <childlist count="2">
        <childid>44</childid>
        <childid>22</childid>
      </childlist>
      <symmetric>19</symmetric>
      <handles count="1">
        <weight channel="0xf320ba37">0.101838</weight>
      </handles>
      <isasymmetric>false</isasymmetric>
    </blockref>
    <blockref>
      <blockid>0x40626000, 0x2051ae2d</blockid>
      <transform>
        <limbtype>0</limbtype>
        <musclescale>0.349999</musclescale>
        <basemusclescale>0.999997</basemusclescale>
        <scale>1</scale>
        <position>-0.441890,0.447512,0.991474</position>
        <triangledirection>-0.0278523,0.639872,0.767975</triangledirection>
        <trianglepickorigin>0,0,0</trianglepickorigin>
        <orientation>
          <row0>0.478309,0.683143,-0.551844</row0>
          <row1>-0.0278523,0.639872,0.767975</row1>
          <row2>0.877749,-0.351960,0.325084</row2>
        </orientation>
      </transform>
      <snapped>true</snapped>
      <childlist count="1">
        <childid>23</childid>
      </childlist>
      <symmetric>20</symmetric>
      <handles count="1">
        <weight channel="0xf320ba37">0.0718574</weight>
      </handles>
      <isasymmetric>false</isasymmetric>
    </blockref>
    <blockref>
      <blockid>0x40626000, 0xce0a464f</blockid>
      <transform>
        <basemusclescale>1.097818</basemusclescale>
        <scale>1.252321</scale>
        <position>-0.434980,0.288787,0.800974</position>
        <triangledirection>-0.245804,0.328426,0.911983</triangledirection>
        <trianglepickorigin>0,0,0</trianglepickorigin>
        <orientation>
          <row0>0.145870,-0.757448,0.636390</row0>
          <row1>-0.0278523,0.639872,0.767974</row1>
          <row2>-0.988910,-0.129750,0.0722426</row2>
        </orientation>
        <userorientation>
          <userorientation_row0>0.616352,0.0297625,-0.786907</userorientation_row0>
          <userorientation_row1>0.295756,0.917379,0.266350</userorientation_row1>
          <userorientation_row2>0.729820,-0.396899,0.556626</userorientation_row2>
        </userorientation>
      </transform>
      <snapped>true</snapped>
      <symmetric>24</symmetric>
      <isasymmetric>false</isasymmetric>
    </blockref>
    <blockref>
      <blockid>0x40626000, 0xd82377e9</blockid>
      <transform>
        <basemusclescale>1.097818</basemusclescale>
        <scale>1.252321</scale>
        <position>0.434980,0.288787,0.800974</position>
        <triangledirection>0.245804,0.328426,0.911983</triangledirection>
        <trianglepickorigin>0,0,0</trianglepickorigin>
        <orientation>
          <row0>0.145870,0.757448,-0.636390</row0>
          <row1>0.0278523,0.639872,0.767974</row1>
          <row2>0.988910,-0.129750,0.0722426</row2>
        </orientation>
        <userorientation>
          <userorientation_row0>0.616352,-0.0297625,0.786907</userorientation_row0>
          <userorientation_row1>-0.295756,0.917379,0.266350</userorientation_row1>
          <userorientation_row2>-0.729820,-0.396898,0.556626</userorientation_row2>
        </userorientation>
      </transform>
      <snapped>true</snapped>
      <symmetric>23</symmetric>
      <isasymmetric>false</isasymmetric>
    </blockref>
    <blockref>
      <blockid>0x40626000, 0xdec3c22a</blockid>
      <transform>
        <limbtype>0</limbtype>
        <musclescale>0.824998</musclescale>
        <basemusclescale>0.899999</basemusclescale>
        <scale>1</scale>
        <position>-0.127044,0.371679,0.658002</position>
        <triangledirection>0.370297,0.448000,0.813740</triangledirection>
        <trianglepickorigin>0,0,0</trianglepickorigin>
        <orientation>
          <row0>-0.891512,0.417465,0.175854</row0>
          <row1>0.370297,0.448000,0.813740</row1>
          <row2>0.260924,0.790579,-0.553986</row2>
        </orientation>
      </transform>
      <snapped>false</snapped>
      <childlist count="1">
        <childid>26</childid>
      </childlist>
      <symmetric>28</symmetric>
      <handles count="1">
        <weight channel="0xf320ba37">0.0864361</weight>
      </handles>
      <isasymmetric>false</isasymmetric>
    </blockref>
    <blockref>
      <blockid>0x40626000, 0x33fccc91</blockid>
      <transform>
        <limbtype>0</limbtype>
        <musclescale>0.125</musclescale>
        <basemusclescale>0.5</basemusclescale>
        <scale>1</scale>
        <position>-0.233214,0.243230,0.424692</position>
        <triangledirection>-0.335161,-0.869044,0.363907</triangledirection>
        <trianglepickorigin>0,0,0</trianglepickorigin>
        <orientation>
          <row0>-0.891514,0.417465,0.175854</row0>
          <row1>-0.335161,-0.869044,0.363907</row1>
          <row2>0.304744,0.265489,0.914682</row2>
        </orientation>
      </transform>
      <snapped>true</snapped>
      <childlist count="1">
        <childid>27</childid>
      </childlist>
      <symmetric>29</symmetric>
      <handles count="1">
        <weight channel="0xf320ba37">0.0626585</weight>
      </handles>
      <isasymmetric>false</isasymmetric>
    </blockref>
    <blockref>
      <blockid>0x40626000, 0x33fccc91</blockid>
      <transform>
        <limbtype>0</limbtype>
        <musclescale>0</musclescale>
        <basemusclescale>0.598320</basemusclescale>
        <scale>1</scale>
        <position>-0.159216,0.435099,0.344348</position>
        <triangledirection>0.348273,0.350259,0.869495</triangledirection>
        <trianglepickorigin>0,0,0</trianglepickorigin>
        <orientation>
          <row0>0.887973,-0.420471,-0.186294</row0>
          <row1>0.348273,0.350259,0.869495</row1>
          <row2>-0.300347,-0.836970,0.457459</row2>
        </orientation>
      </transform>
      <snapped>true</snapped>
      <childlist count="1">
        <childid>31</childid>
      </childlist>
      <symmetric>30</symmetric>
      <handles count="1">
        <weight channel="0xf320ba37">0.0504563</weight>
      </handles>
      <isasymmetric>false</isasymmetric>
    </blockref>
    <blockref>
      <blockid>0x40626000, 0xdec3c22a</blockid>
      <transform>
        <limbtype>0</limbtype>
        <musclescale>0.824998</musclescale>
        <basemusclescale>0.899999</basemusclescale>
        <scale>1</scale>
        <position>0.127044,0.371679,0.658002</position>
        <triangledirection>-0.370297,0.448000,0.813740</triangledirection>
        <trianglepickorigin>0,0,0</trianglepickorigin>
        <orientation>
          <row0>-0.891512,-0.417465,-0.175854</row0>
          <row1>-0.370297,0.448000,0.813740</row1>
          <row2>-0.260924,0.790579,-0.553986</row2>
        </orientation>
      </transform>
      <snapped>false</snapped>
      <childlist count="1">
        <childid>29</childid>
      </childlist>
      <symmetric>25</symmetric>
      <handles count="1">
        <weight channel="0xf320ba37">0.0864361</weight>
      </handles>
      <isasymmetric>false</isasymmetric>
    </blockref>
    <blockref>
      <blockid>0x40626000, 0x33fccc91</blockid>
      <transform>
        <limbtype>0</limbtype>
        <musclescale>0.125</musclescale>
        <basemusclescale>0.550000</basemusclescale>
        <scale>1</scale>
        <position>0.233214,0.243230,0.424692</position>
        <triangledirection>0.335161,-0.869044,0.363907</triangledirection>
        <trianglepickorigin>0,0,0</trianglepickorigin>
        <orientation>
          <row0>-0.891514,-0.417465,-0.175854</row0>
          <row1>0.335161,-0.869044,0.363907</row1>
          <row2>-0.304744,0.265489,0.914682</row2>
        </orientation>
      </transform>
      <snapped>true</snapped>
      <childlist count="1">
        <childid>30</childid>
      </childlist>
      <symmetric>26</symmetric>
      <handles count="1">
        <weight channel="0xf320ba37">0.0626585</weight>
      </handles>
      <isasymmetric>false</isasymmetric>
    </blockref>
    <blockref>
      <blockid>0x40626000, 0x33fccc91</blockid>
      <transform>
        <limbtype>0</limbtype>
        <musclescale>0</musclescale>
        <basemusclescale>0.598320</basemusclescale>
        <scale>1</scale>
        <position>0.159216,0.435099,0.344348</position>
        <triangledirection>-0.348273,0.350259,0.869495</triangledirection>
        <trianglepickorigin>0,0,0</trianglepickorigin>
        <orientation>
          <row0>0.887973,0.420471,0.186295</row0>
          <row1>-0.348273,0.350259,0.869495</row1>
          <row2>0.300347,-0.836970,0.457459</row2>
        </orientation>
      </transform>
      <snapped>true</snapped>
      <childlist count="1">
        <childid>32</childid>
      </childlist>
      <symmetric>27</symmetric>
      <handles count="1">
        <weight channel="0xf320ba37">0.0504563</weight>
      </handles>
      <isasymmetric>false</isasymmetric>
    </blockref>
    <blockref>
      <blockid>0x40626000, 0x5b479808</blockid>
      <transform>
        <basemusclescale>1.363787</basemusclescale>
        <scale>1.349858</scale>
        <position>-0.223508,0.370440,0.183834</position>
        <triangledirection>0,1,0</triangledirection>
        <trianglepickorigin>0,0,0</trianglepickorigin>
        <orientation>
          <row0>1,0,0</row0>
          <row1>0,1,0</row1>
          <row2>0,0,1</row2>
        </orientation>
      </transform>
      <snapped>true</snapped>
      <symmetric>32</symmetric>
      <handles count="1">
        <weight channel="0x2e6521f4">0.170053</weight>
      </handles>
      <isasymmetric>false</isasymmetric>
    </blockref>
    <blockref>
      <blockid>0x40626000, 0x540e5be6</blockid>
      <transform>
        <basemusclescale>1.363787</basemusclescale>
        <scale>1.349858</scale>
        <position>0.223508,0.370440,0.183834</position>
        <triangledirection>0,1,0</triangledirection>
        <trianglepickorigin>0,0,0</trianglepickorigin>
        <orientation>
          <row0>1,0,0</row0>
          <row1>0,1,0</row1>
          <row2>0,0,1</row2>
        </orientation>
      </transform>
      <snapped>true</snapped>
      <symmetric>31</symmetric>
      <handles count="1">
        <weight channel="0x2e6521f4">0.170053</weight>
      </handles>
      <isasymmetric>false</isasymmetric>
    </blockref>
    <blockref>
      <blockid>0x40686000, 0xf55a5732</blockid>
      <transform>
        <scale>1.077883</scale>
        <position>0,0.465173,1.655292</position>
        <triangledirection>0,-0.833326,-0.552779</triangledirection>
        <trianglepickorigin>0,0,0</trianglepickorigin>
        <orientation>
          <row0>0,-0.552779,0.833326</row0>
          <row1>0,-0.833326,-0.552779</row1>
          <row2>1,0,0</row2>
        </orientation>
      </transform>
      <snapped>false</snapped>
      <handles count="2">
        <weight channel="0x7cc96c02">0</weight>
        <weight channel="0xd02751de">0</weight>
      </handles>
      <isasymmetric>false</isasymmetric>
    </blockref>
    <blockref>
      <blockid>0x40686000, 0x7a9cc2cd</blockid>
      <transform>
        <scale>1.161834</scale>
        <position>0,0.521022,1.531260</position>
        <triangledirection>0,-0.935384,-0.353628</triangledirection>
        <trianglepickorigin>0,0,0</trianglepickorigin>
        <orientation>
          <row0>-0.999998,0,0</row0>
          <row1>0,-0.935384,-0.353628</row1>
          <row2>0,-0.353628,0.935384</row2>
        </orientation>
      </transform>
      <snapped>false</snapped>
      <childlist count="1">
        <childid>35</childid>
      </childlist>
      <handles count="4">
        <weight channel="0xe6f2c2b9">1</weight>
        <weight channel="0x7cc96c02">0.722036</weight>
        <weight channel="0xd02751de">0</weight>
        <weight channel="0x503283aa">0.616091</weight>
      </handles>
      <isasymmetric>false</isasymmetric>
    </blockref>
    <blockref>
      <blockid>0x40686000, 0x7930b1a0</blockid>
      <transform>
        <scale>1</scale>
        <position>0,0.626410,1.519626</position>
        <triangledirection>0,-0.681795,-0.731543</triangledirection>
        <trianglepickorigin>0,0,0</trianglepickorigin>
        <orientation>
          <row0>-1,0,0</row0>
          <row1>0,-0.681795,-0.731543</row1>
          <row2>0,-0.731543,0.681795</row2>
        </orientation>
      </transform>
      <snapped>false</snapped>
      <handles count="1">
        <weight channel="0x2e6521f4">0</weight>
      </handles>
      <isasymmetric>false</isasymmetric>
    </blockref>
    <blockref>
      <blockid>0x40686000, 0x8b48afe9</blockid>
      <transform>
        <scale>1</scale>
        <position>-0.115722,0.268804,0.878804</position>
        <triangledirection>0.654223,0.734619,0.179789</triangledirection>
        <trianglepickorigin>0,0,0</trianglepickorigin>
        <orientation>
          <row0>0.746788,-0.665059,-1.49010e-8</row0>
          <row1>0.654223,0.734619,0.179789</row1>
          <row2>-0.119570,-0.134264,0.983704</row2>
        </orientation>
      </transform>
      <snapped>false</snapped>
      <childlist count="1">
        <childid>40</childid>
      </childlist>
      <symmetric>37</symmetric>
      <handles count="2">
        <weight channel="0x2e6521f4">0.482710</weight>
        <weight channel="0xd02751de">1</weight>
      </handles>
      <isasymmetric>false</isasymmetric>
    </blockref>
    <blockref>
      <blockid>0x40686000, 0xc774461f</blockid>
      <transform>
        <scale>1</scale>
        <position>0.115722,0.268804,0.878804</position>
        <triangledirection>-0.654223,0.734619,0.179789</triangledirection>
        <trianglepickorigin>0,0,0</trianglepickorigin>
        <orientation>
          <row0>0.746788,0.665059,1.49010e-8</row0>
          <row1>-0.654223,0.734619,0.179789</row1>
          <row2>0.119570,-0.134264,0.983704</row2>
        </orientation>
      </transform>
      <snapped>false</snapped>
      <childlist count="1">
        <childid>41</childid>
      </childlist>
      <symmetric>36</symmetric>
      <handles count="2">
        <weight channel="0x2e6521f4">0.482710</weight>
        <weight channel="0xd02751de">1</weight>
      </handles>
      <isasymmetric>false</isasymmetric>
    </blockref>
    <blockref>
      <blockid>0x40686000, 0x8b48afe9</blockid>
      <transform>
        <scale>1.252321</scale>
        <position>-0.0569873,0.249210,0.642072</position>
        <triangledirection>0.546913,0.519097,-0.656826</triangledirection>
        <trianglepickorigin>0,0,0</trianglepickorigin>
        <orientation>
          <row0>0.790054,-0.613034,-1.34109e-7</row0>
          <row1>0.562269,0.724632,-0.398445</row1>
          <row2>0.244260,0.314794,0.917191</row2>
        </orientation>
        <userorientation>
          <userorientation_row0>0.992824,-0.119580,-4.09781e-8</userorientation_row0>
          <userorientation_row1>0.113866,0.945379,-0.305435</userorientation_row1>
          <userorientation_row2>0.0365246,0.303245,0.952211</userorientation_row2>
        </userorientation>
      </transform>
      <snapped>false</snapped>
      <symmetric>42</symmetric>
      <handles count="2">
        <weight channel="0x2e6521f4">0.482710</weight>
        <weight channel="0xd02751de">1</weight>
      </handles>
      <isasymmetric>false</isasymmetric>
    </blockref>
    <blockref>
      <blockid>0x40686000, 0x8b48afe9</blockid>
      <transform>
        <scale>1.568312</scale>
        <position>0,0.541710,0.721937</position>
        <triangledirection>0,-0.868727,-0.495288</triangledirection>
        <trianglepickorigin>0,0,0</trianglepickorigin>
        <orientation>
          <row0>-1,0,0</row0>
          <row1>0,-0.971000,0.239078</row1>
          <row2>0,0.239078,0.971000</row2>
        </orientation>
        <userorientation>
          <userorientation_row0>1,0,0</userorientation_row0>
          <userorientation_row1>0,0.725121,-0.688619</userorientation_row1>
          <userorientation_row2>0,0.688619,0.725121</userorientation_row2>
        </userorientation>
      </transform>
      <snapped>false</snapped>
      <handles count="2">
        <weight channel="0x2e6521f4">0.482710</weight>
        <weight channel="0xd02751de">1</weight>
      </handles>
      <isasymmetric>false</isasymmetric>
    </blockref>
    <blockref>
      <blockid>0x40686000, 0x8b48afe9</blockid>
      <transform>
        <scale>1.252321</scale>
        <position>-0.150931,0.374994,0.732451</position>
        <triangledirection>0.763687,-0.300217,-0.571532</triangledirection>
        <trianglepickorigin>0,0,0</trianglepickorigin>
        <orientation>
          <row0>-0.516143,-0.856500,7.07805e-8</row0>
          <row1>0.849053,-0.511654,0.131593</row1>
          <row2>-0.112709,0.0679209,0.991303</row2>
        </orientation>
        <userorientation>
          <userorientation_row0>0.962238,0.258996,0.0837692</userorientation_row0>
          <userorientation_row1>-0.137034,0.726809,-0.673026</userorientation_row1>
          <userorientation_row2>-0.235194,0.636134,0.734857</userorientation_row2>
        </userorientation>
      </transform>
      <snapped>false</snapped>
      <symmetric>41</symmetric>
      <handles count="2">
        <weight channel="0x2e6521f4">0.482710</weight>
        <weight channel="0xd02751de">1</weight>
      </handles>
      <isasymmetric>false</isasymmetric>
    </blockref>
    <blockref>
      <blockid>0x40686000, 0xc774461f</blockid>
      <transform>
        <scale>1.252321</scale>
        <position>0.150931,0.374994,0.732451</position>
        <triangledirection>-0.763687,-0.300217,-0.571532</triangledirection>
        <trianglepickorigin>0,0,0</trianglepickorigin>
        <orientation>
          <row0>-0.516143,0.856500,-7.07805e-8</row0>
          <row1>-0.849053,-0.511654,0.131593</row1>
          <row2>0.112709,0.0679209,0.991303</row2>
        </orientation>
        <userorientation>
          <userorientation_row0>0.962238,-0.258996,-0.0837692</userorientation_row0>
          <userorientation_row1>0.137034,0.726809,-0.673026</userorientation_row1>
          <userorientation_row2>0.235194,0.636134,0.734857</userorientation_row2>
        </userorientation>
      </transform>
      <snapped>false</snapped>
      <symmetric>40</symmetric>
      <handles count="2">
        <weight channel="0x2e6521f4">0.482710</weight>
        <weight channel="0xd02751de">1</weight>
      </handles>
      <isasymmetric>false</isasymmetric>
    </blockref>
    <blockref>
      <blockid>0x40686000, 0xc774461f</blockid>
      <transform>
        <scale>1.252321</scale>
        <position>0.0569873,0.249210,0.642072</position>
        <triangledirection>-0.546913,0.519097,-0.656826</triangledirection>
        <trianglepickorigin>0,0,0</trianglepickorigin>
        <orientation>
          <row0>0.790054,0.613034,1.34109e-7</row0>
          <row1>-0.562269,0.724632,-0.398445</row1>
          <row2>-0.244260,0.314794,0.917191</row2>
        </orientation>
        <userorientation>
          <userorientation_row0>0.992824,0.119580,4.09781e-8</userorientation_row0>
          <userorientation_row1>-0.113866,0.945379,-0.305435</userorientation_row1>
          <userorientation_row2>-0.0365246,0.303245,0.952211</userorientation_row2>
        </userorientation>
      </transform>
      <snapped>false</snapped>
      <symmetric>38</symmetric>
      <handles count="2">
        <weight channel="0x2e6521f4">0.482710</weight>
        <weight channel="0xd02751de">1</weight>
      </handles>
      <isasymmetric>false</isasymmetric>
    </blockref>
    <blockref>
      <blockid>0x40686000, 0x7930b1a0</blockid>
      <transform>
        <scale>1.822118</scale>
        <position>0,0.579319,0.946982</position>
        <triangledirection>0,-0.967500,-0.252860</triangledirection>
        <trianglepickorigin>0,0,0</trianglepickorigin>
        <orientation>
          <row0>-1,0,0</row0>
          <row1>0,-0.997560,0.0697951</row1>
          <row2>0,0.0697951,0.997560</row2>
        </orientation>
        <userorientation>
          <userorientation_row0>1,0,0</userorientation_row0>
          <userorientation_row1>0,0.947493,-0.319772</userorientation_row1>
          <userorientation_row2>0,0.319772,0.947493</userorientation_row2>
        </userorientation>
      </transform>
      <snapped>false</snapped>
      <handles count="1">
        <weight channel="0x2e6521f4">0</weight>
      </handles>
      <isasymmetric>false</isasymmetric>
    </blockref>
    <blockref>
      <blockid>0x40686000, 0x8b48afe9</blockid>
      <transform>
        <scale>0.740818</scale>
        <position>-0.290632,0.447223,1.219300</position>
        <triangledirection>0.457091,-0.0223002,-0.889138</triangledirection>
        <trianglepickorigin>0,0,0</trianglepickorigin>
        <orientation>
          <row0>-0.0220794,-0.999755,-6.70551e-8</row0>
          <row1>0.625338,-0.0138104,-0.780230</row1>
          <row2>0.780040,-0.0172272,0.625490</row2>
        </orientation>
        <userorientation>
          <userorientation_row0>0.999921,-0.0124522,-1.86264e-9</userorientation_row0>
          <userorientation_row1>0.0122026,0.979879,-0.199212</userorientation_row1>
          <userorientation_row2>0.00248065,0.199196,0.979955</userorientation_row2>
        </userorientation>
      </transform>
      <snapped>false</snapped>
      <symmetric>45</symmetric>
      <handles count="2">
        <weight channel="0x2e6521f4">0.482710</weight>
        <weight channel="0xd02751de">1</weight>
      </handles>
      <isasymmetric>false</isasymmetric>
    </blockref>
    <blockref>
      <blockid>0x40686000, 0xc774461f</blockid>
      <transform>
        <scale>0.740818</scale>
        <position>0.290632,0.447223,1.219300</position>
        <triangledirection>-0.457091,-0.0223002,-0.889138</triangledirection>
        <trianglepickorigin>0,0,0</trianglepickorigin>
        <orientation>
          <row0>-0.0220794,0.999755,6.70551e-8</row0>
          <row1>-0.625338,-0.0138104,-0.780230</row1>
          <row2>-0.780040,-0.0172272,0.625490</row2>
        </orientation>
        <userorientation>
          <userorientation_row0>0.999921,0.0124522,1.62979e-9</userorientation_row0>
          <userorientation_row1>-0.0122026,0.979879,-0.199212</userorientation_row1>
          <userorientation_row2>-0.00248065,0.199196,0.979955</userorientation_row2>
        </userorientation>
      </transform>
      <snapped>false</snapped>
      <symmetric>44</symmetric>
      <handles count="2">
        <weight channel="0x2e6521f4">0.482710</weight>
        <weight channel="0xd02751de">1</weight>
      </handles>
      <isasymmetric>false</isasymmetric>
    </blockref>
  </blocks></sporemodel>