<?xml version="1.0" encoding="UTF-8"?><sporemodel>
  <formatversion>18</formatversion>
  <properties>
    <modeltype>0x4e3f7777</modeltype>
    <zcorpscore>2</zcorpscore>
  </properties>
  <blocks count="88">
    <blockref>
      <blockid>0x40636000, 0xaf877f27</blockid>
      <transform>
        <scale>1.891488</scale>
        <position>0.386595,4.353724,-0.266113</position>
        <triangledirection>-0.0136149,0.999032,0.0417936</triangledirection>
        <trianglepickorigin>0,0,0</trianglepickorigin>
        <orientation>
          <row0>0.950819,9.31322e-10,0.309745</row0>
          <row1>-0.0136149,0.999032,0.0417936</row1>
          <row2>-0.309446,-0.0439553,0.949900</row2>
        </orientation>
      </transform>
      <snapped>false</snapped>
      <paintlist count="2">
        <paint>
          <paintregion>0x00000005</paintregion>
          <paintid>0x17b6a469</paintid>
          <color1>0,0,0</color1>
          <color2>0,0,0</color2>
        </paint>
        <paint>
          <paintregion>0x0000000d</paintregion>
          <paintid>0x17b6a469</paintid>
          <color1>0,0,0</color1>
          <color2>0,0,0</color2>
        </paint>
      </paintlist>
      <childlist count="2">
        <childid>39</childid>
        <childid>1</childid>
      </childlist>
      <handles count="5">
        <weight channel="0x9bfe8bf8">0.200000</weight>
        <weight channel="0x2e6521f4">0.200000</weight>
        <weight channel="0x7cc96c02">0.200000</weight>
        <weight channel="0x2d3bfa19">0.200000</weight>
        <weight channel="0xd02751de">0.0407589</weight>
      </handles>
      <isasymmetric>false</isasymmetric>
    </blockref>
    <blockref>
      <blockid>0x40636000, 0xaf877f27</blockid>
      <transform>
        <scale>1.628018</scale>
        <position>-0.316079,4.257541,1.901189</position>
        <triangledirection>-0.0136149,0.999032,0.0417936</triangledirection>
        <trianglepickorigin>0,0,0</trianglepickorigin>
        <orientation>
          <row0>0.950819,9.31322e-10,0.309745</row0>
          <row1>-0.0136149,0.999032,0.0417936</row1>
          <row2>-0.309446,-0.0439553,0.949900</row2>
        </orientation>
      </transform>
      <snapped>false</snapped>
      <paintlist count="2">
        <paint>
          <paintregion>0x00000005</paintregion>
          <paintid>0x17b6a469</paintid>
          <color1>0,0,0</color1>
          <color2>0,0,0</color2>
        </paint>
        <paint>
          <paintregion>0x0000000d</paintregion>
          <paintid>0x17b6a469</paintid>
          <color1>0,0,0</color1>
          <color2>0,0,0</color2>
        </paint>
      </paintlist>
      <childlist count="1">
        <childid>2</childid>
      </childlist>
      <handles count="5">
        <weight channel="0x9bfe8bf8">0.200000</weight>
        <weight channel="0x2e6521f4">0.200000</weight>
        <weight channel="0x7cc96c02">0.200000</weight>
        <weight channel="0x2d3bfa19">0.200000</weight>
        <weight channel="0xd02751de">0.0407589</weight>
      </handles>
      <isasymmetric>false</isasymmetric>
    </blockref>
    <blockref>
      <blockid>0x40636000, 0xaf877f27</blockid>
      <transform>
        <scale>1.891488</scale>
        <position>-0.920461,4.175321,3.766808</position>
        <triangledirection>-0.0136149,0.999032,0.0417936</triangledirection>
        <trianglepickorigin>0,0,0</trianglepickorigin>
        <orientation>
          <row0>0.950819,9.31322e-10,0.309745</row0>
          <row1>-0.0136149,0.999032,0.0417936</row1>
          <row2>-0.309446,-0.0439553,0.949900</row2>
        </orientation>
      </transform>
      <snapped>false</snapped>
      <paintlist count="2">
        <paint>
          <paintregion>0x00000005</paintregion>
          <paintid>0x17b6a469</paintid>
          <color1>0,0,0</color1>
          <color2>0,0,0</color2>
        </paint>
        <paint>
          <paintregion>0x0000000d</paintregion>
          <paintid>0x17b6a469</paintid>
          <color1>0,0,0</color1>
          <color2>0,0,0</color2>
        </paint>
      </paintlist>
      <childlist count="1">
        <childid>3</childid>
      </childlist>
      <handles count="5">
        <weight channel="0x9bfe8bf8">0.200000</weight>
        <weight channel="0x2e6521f4">0.200000</weight>
        <weight channel="0x7cc96c02">0.200000</weight>
        <weight channel="0x2d3bfa19">0.200000</weight>
        <weight channel="0xd02751de">0.0407589</weight>
      </handles>
      <isasymmetric>false</isasymmetric>
    </blockref>
    <blockref>
      <blockid>0x40636000, 0xaf877f27</blockid>
      <transform>
        <scale>1.628018</scale>
        <position>-1.623130,4.079133,5.934107</position>
        <triangledirection>-0.0136149,0.999032,0.0417936</triangledirection>
        <trianglepickorigin>0,0,0</trianglepickorigin>
        <orientation>
          <row0>0.950819,9.31322e-10,0.309745</row0>
          <row1>-0.0136149,0.999032,0.0417936</row1>
          <row2>-0.309446,-0.0439553,0.949900</row2>
        </orientation>
      </transform>
      <snapped>false</snapped>
      <paintlist count="2">
        <paint>
          <paintregion>0x00000005</paintregion>
          <paintid>0x17b6a469</paintid>
          <color1>0,0,0</color1>
          <color2>0,0,0</color2>
        </paint>
        <paint>
          <paintregion>0x0000000d</paintregion>
          <paintid>0x17b6a469</paintid>
          <color1>0,0,0</color1>
          <color2>0,0,0</color2>
        </paint>
      </paintlist>
      <childlist count="1">
        <childid>4</childid>
      </childlist>
      <handles count="5">
        <weight channel="0x9bfe8bf8">0.200000</weight>
        <weight channel="0x2e6521f4">0.200000</weight>
        <weight channel="0x7cc96c02">0.200000</weight>
        <weight channel="0x2d3bfa19">0.200000</weight>
        <weight channel="0xd02751de">0.0407589</weight>
      </handles>
      <isasymmetric>false</isasymmetric>
    </blockref>
    <blockref>
      <blockid>0x40636000, 0xaf877f27</blockid>
      <transform>
        <scale>1.891488</scale>
        <position>-2.227519,3.996917,7.799702</position>
        <triangledirection>-0.0136149,0.999032,0.0417936</triangledirection>
        <trianglepickorigin>0,0,0</trianglepickorigin>
        <orientation>
          <row0>0.950819,9.31322e-10,0.309745</row0>
          <row1>-0.0136149,0.999032,0.0417936</row1>
          <row2>-0.309446,-0.0439553,0.949900</row2>
        </orientation>
      </transform>
      <snapped>false</snapped>
      <paintlist count="2">
        <paint>
          <paintregion>0x00000005</paintregion>
          <paintid>0x17b6a469</paintid>
          <color1>0,0,0</color1>
          <color2>0,0,0</color2>
        </paint>
        <paint>
          <paintregion>0x0000000d</paintregion>
          <paintid>0x17b6a469</paintid>
          <color1>0,0,0</color1>
          <color2>0,0,0</color2>
        </paint>
      </paintlist>
      <childlist count="12">
        <childid>22</childid>
        <childid>21</childid>
        <childid>20</childid>
        <childid>18</childid>
        <childid>17</childid>
        <childid>11</childid>
        <childid>10</childid>
        <childid>9</childid>
        <childid>8</childid>
        <childid>7</childid>
        <childid>6</childid>
        <childid>5</childid>
      </childlist>
      <handles count="5">
        <weight channel="0x9bfe8bf8">0.200000</weight>
        <weight channel="0x2e6521f4">0.200000</weight>
        <weight channel="0x7cc96c02">0.200000</weight>
        <weight channel="0x2d3bfa19">0.200000</weight>
        <weight channel="0xd02751de">0.0407589</weight>
      </handles>
      <isasymmetric>false</isasymmetric>
    </blockref>
    <blockref>
      <blockid>0x40636000, 0x296b1092</blockid>
      <transform>
        <scale>0.75</scale>
        <position>-5.147490,0.119903,9.069737</position>
        <triangledirection>0.309446,0.0439554,-0.949900</triangledirection>
        <trianglepickorigin>0,0,0</trianglepickorigin>
        <orientation>
          <row0>0.487197,-0.865190,0.118677</row0>
          <row1>0.309446,0.0439554,-0.949900</row1>
          <row2>0.816626,0.499513,0.289144</row2>
        </orientation>
      </transform>
      <snapped>false</snapped>
      <paintlist count="2">
        <paint>
          <paintregion>0x00000005</paintregion>
          <paintid>0x17b6a469</paintid>
          <color1>0,0,0</color1>
          <color2>0,0,0</color2>
        </paint>
        <paint>
          <paintregion>0x00000006</paintregion>
          <paintid>0x17b6a469</paintid>
          <color1>0,0,0</color1>
          <color2>0,0,0</color2>
        </paint>
      </paintlist>
      <handles count="2">
        <weight channel="0x7cc96c02">0</weight>
        <weight channel="0xd02751de">1</weight>
      </handles>
      <isasymmetric>false</isasymmetric>
    </blockref>
    <blockref>
      <blockid>0x40636000, 0x296b1092</blockid>
      <transform>
        <scale>0.75</scale>
        <position>-0.833645,0.0357374,10.471154</position>
        <triangledirection>0.309446,0.0439554,-0.949900</triangledirection>
        <trianglepickorigin>0,0,0</trianglepickorigin>
        <orientation>
          <row0>0.950819,1.21071e-8,0.309745</row0>
          <row1>0.309446,0.0439554,-0.949900</row1>
          <row2>-0.0136149,0.999032,0.0417936</row2>
        </orientation>
      </transform>
      <snapped>false</snapped>
      <paintlist count="2">
        <paint>
          <paintregion>0x00000005</paintregion>
          <paintid>0x17b6a469</paintid>
          <color1>0,0,0</color1>
          <color2>0,0,0</color2>
        </paint>
        <paint>
          <paintregion>0x00000006</paintregion>
          <paintid>0x17b6a469</paintid>
          <color1>0,0,0</color1>
          <color2>0,0,0</color2>
        </paint>
      </paintlist>
      <handles count="2">
        <weight channel="0x7cc96c02">0</weight>
        <weight channel="0xd02751de">1</weight>
      </handles>
      <isasymmetric>false</isasymmetric>
    </blockref>
    <blockref>
      <blockid>0x40636000, 0x296b1092</blockid>
      <transform>
        <scale>0.75</scale>
        <position>1.013278,3.904345,11.251871</position>
        <triangledirection>0.309446,0.0439555,-0.949900</triangledirection>
        <trianglepickorigin>0,0,0</trianglepickorigin>
        <orientation>
          <row0>-0.0136150,0.999032,0.0417937</row0>
          <row1>0.309446,0.0439555,-0.949900</row1>
          <row2>-0.950819,-2.90450e-8,-0.309745</row2>
        </orientation>
      </transform>
      <snapped>false</snapped>
      <paintlist count="2">
        <paint>
          <paintregion>0x00000005</paintregion>
          <paintid>0x17b6a469</paintid>
          <color1>0,0,0</color1>
          <color2>0,0,0</color2>
        </paint>
        <paint>
          <paintregion>0x00000006</paintregion>
          <paintid>0x17b6a469</paintid>
          <color1>0,0,0</color1>
          <color2>0,0,0</color2>
        </paint>
      </paintlist>
      <handles count="2">
        <weight channel="0x7cc96c02">0</weight>
        <weight channel="0xd02751de">1</weight>
      </handles>
      <isasymmetric>false</isasymmetric>
    </blockref>
    <blockref>
      <blockid>0x40636000, 0x296b1092</blockid>
      <transform>
        <scale>0.75</scale>
        <position>-0.927680,7.768324,10.798330</position>
        <triangledirection>0.309446,0.0439554,-0.949900</triangledirection>
        <trianglepickorigin>0,0,0</trianglepickorigin>
        <orientation>
          <row0>-0.950819,-4.74973e-8,-0.309745</row0>
          <row1>0.309446,0.0439554,-0.949900</row1>
          <row2>0.0136150,-0.999032,-0.0417936</row2>
        </orientation>
      </transform>
      <snapped>false</snapped>
      <paintlist count="2">
        <paint>
          <paintregion>0x00000005</paintregion>
          <paintid>0x17b6a469</paintid>
          <color1>0,0,0</color1>
          <color2>0,0,0</color2>
        </paint>
        <paint>
          <paintregion>0x00000006</paintregion>
          <paintid>0x17b6a469</paintid>
          <color1>0,0,0</color1>
          <color2>0,0,0</color2>
        </paint>
      </paintlist>
      <handles count="2">
        <weight channel="0x7cc96c02">0</weight>
        <weight channel="0xd02751de">1</weight>
      </handles>
      <isasymmetric>false</isasymmetric>
    </blockref>
    <blockref>
      <blockid>0x40636000, 0x296b1092</blockid>
      <transform>
        <scale>0.75</scale>
        <position>-5.315464,7.729710,9.367128</position>
        <triangledirection>0.309446,0.0439553,-0.949900</triangledirection>
        <trianglepickorigin>0,0,0</trianglepickorigin>
        <orientation>
          <row0>-0.463615,-0.865190,-0.191066</row0>
          <row1>0.309446,0.0439553,-0.949900</row1>
          <row2>0.830242,-0.499513,0.247351</row2>
        </orientation>
      </transform>
      <snapped>false</snapped>
      <paintlist count="2">
        <paint>
          <paintregion>0x00000005</paintregion>
          <paintid>0x17b6a469</paintid>
          <color1>0,0,0</color1>
          <color2>0,0,0</color2>
        </paint>
        <paint>
          <paintregion>0x00000006</paintregion>
          <paintid>0x17b6a469</paintid>
          <color1>0,0,0</color1>
          <color2>0,0,0</color2>
        </paint>
      </paintlist>
      <handles count="2">
        <weight channel="0x7cc96c02">0</weight>
        <weight channel="0xd02751de">1</weight>
      </handles>
      <isasymmetric>false</isasymmetric>
    </blockref>
    <blockref>
      <blockid>0x40636000, 0x296b1092</blockid>
      <transform>
        <scale>0.75</scale>
        <position>-7.193343,3.904345,8.578371</position>
        <triangledirection>0.309446,0.0439554,-0.949900</triangledirection>
        <trianglepickorigin>0,0,0</trianglepickorigin>
        <orientation>
          <row0>0.0136150,-0.999032,-0.0417936</row0>
          <row1>0.309446,0.0439554,-0.949900</row1>
          <row2>0.950819,9.29570e-8,0.309745</row2>
        </orientation>
      </transform>
      <snapped>false</snapped>
      <paintlist count="2">
        <paint>
          <paintregion>0x00000005</paintregion>
          <paintid>0x17b6a469</paintid>
          <color1>0,0,0</color1>
          <color2>0,0,0</color2>
        </paint>
        <paint>
          <paintregion>0x00000006</paintregion>
          <paintid>0x17b6a469</paintid>
          <color1>0,0,0</color1>
          <color2>0,0,0</color2>
        </paint>
      </paintlist>
      <handles count="2">
        <weight channel="0x7cc96c02">0</weight>
        <weight channel="0xd02751de">1</weight>
      </handles>
      <isasymmetric>false</isasymmetric>
    </blockref>
    <blockref>
      <blockid>0x40636000, 0xaf877f27</blockid>
      <transform>
        <scale>0.5</scale>
        <position>-2.930192,3.900732,9.967022</position>
        <triangledirection>-0.0136149,0.999032,0.0417936</triangledirection>
        <trianglepickorigin>0,0,0</trianglepickorigin>
        <orientation>
          <row0>0.950819,9.31322e-10,0.309745</row0>
          <row1>-0.0136149,0.999032,0.0417936</row1>
          <row2>-0.309446,-0.0439553,0.949900</row2>
        </orientation>
      </transform>
      <snapped>false</snapped>
      <paintlist count="2">
        <paint>
          <paintregion>0x00000005</paintregion>
          <paintid>0x17b6a469</paintid>
          <color1>0,0,0</color1>
          <color2>0,0,0</color2>
        </paint>
        <paint>
          <paintregion>0x0000000d</paintregion>
          <paintid>0x17b6a469</paintid>
          <color1>0,0,0</color1>
          <color2>0,0,0</color2>
        </paint>
      </paintlist>
      <childlist count="1">
        <childid>12</childid>
      </childlist>
      <handles count="5">
        <weight channel="0x9bfe8bf8">0.200000</weight>
        <weight channel="0x2e6521f4">0.200000</weight>
        <weight channel="0x7cc96c02">0.200000</weight>
        <weight channel="0x2d3bfa19">0.200000</weight>
        <weight channel="0xd02751de">0.251444</weight>
      </handles>
      <isasymmetric>false</isasymmetric>
    </blockref>
    <blockref>
      <blockid>0x40636000, 0xaf877f27</blockid>
      <transform>
        <scale>1.891488</scale>
        <position>-3.546545,3.816807,11.869408</position>
        <triangledirection>-0.0136149,0.999032,0.0417936</triangledirection>
        <trianglepickorigin>0,0,0</trianglepickorigin>
        <orientation>
          <row0>0.950819,9.31322e-10,0.309745</row0>
          <row1>-0.0136149,0.999032,0.0417936</row1>
          <row2>-0.309446,-0.0439553,0.949900</row2>
        </orientation>
      </transform>
      <snapped>false</snapped>
      <paintlist count="2">
        <paint>
          <paintregion>0x00000005</paintregion>
          <paintid>0x17b6a469</paintid>
          <color1>0,0,0</color1>
          <color2>0,0,0</color2>
        </paint>
        <paint>
          <paintregion>0x0000000d</paintregion>
          <paintid>0x17b6a469</paintid>
          <color1>0,0,0</color1>
          <color2>0,0,0</color2>
        </paint>
      </paintlist>
      <childlist count="13">
        <childid>38</childid>
        <childid>36</childid>
        <childid>34</childid>
        <childid>33</childid>
        <childid>32</childid>
        <childid>31</childid>
        <childid>30</childid>
        <childid>29</childid>
        <childid>23</childid>
        <childid>16</childid>
        <childid>15</childid>
        <childid>14</childid>
        <childid>13</childid>
      </childlist>
      <handles count="5">
        <weight channel="0x9bfe8bf8">0.200000</weight>
        <weight channel="0x2e6521f4">0.200000</weight>
        <weight channel="0x7cc96c02">0.200000</weight>
        <weight channel="0x2d3bfa19">0.200000</weight>
        <weight channel="0xd02751de">0.0407589</weight>
      </handles>
      <isasymmetric>false</isasymmetric>
    </blockref>
    <blockref>
      <blockid>0x40636000, 0x296b1092</blockid>
      <transform>
        <scale>0.75</scale>
        <position>-6.466513,-0.0602039,13.139415</position>
        <triangledirection>0.309446,0.0439554,-0.949900</triangledirection>
        <trianglepickorigin>0,0,0</trianglepickorigin>
        <orientation>
          <row0>0.487197,-0.865190,0.118677</row0>
          <row1>0.309446,0.0439554,-0.949900</row1>
          <row2>0.816626,0.499513,0.289144</row2>
        </orientation>
      </transform>
      <snapped>false</snapped>
      <paintlist count="2">
        <paint>
          <paintregion>0x00000005</paintregion>
          <paintid>0x17b6a469</paintid>
          <color1>0,0,0</color1>
          <color2>0,0,0</color2>
        </paint>
        <paint>
          <paintregion>0x00000006</paintregion>
          <paintid>0x17b6a469</paintid>
          <color1>0,0,0</color1>
          <color2>0,0,0</color2>
        </paint>
      </paintlist>
      <handles count="2">
        <weight channel="0x7cc96c02">0</weight>
        <weight channel="0xd02751de">1</weight>
      </handles>
      <isasymmetric>false</isasymmetric>
    </blockref>
    <blockref>
      <blockid>0x40636000, 0x296b1092</blockid>
      <transform>
        <scale>0.75</scale>
        <position>-2.152673,-0.144367,14.540787</position>
        <triangledirection>0.309446,0.0439554,-0.949900</triangledirection>
        <trianglepickorigin>0,0,0</trianglepickorigin>
        <orientation>
          <row0>0.950819,1.21071e-8,0.309745</row0>
          <row1>0.309446,0.0439554,-0.949900</row1>
          <row2>-0.0136149,0.999032,0.0417936</row2>
        </orientation>
      </transform>
      <snapped>false</snapped>
      <paintlist count="2">
        <paint>
          <paintregion>0x00000005</paintregion>
          <paintid>0x17b6a469</paintid>
          <color1>0,0,0</color1>
          <color2>0,0,0</color2>
        </paint>
        <paint>
          <paintregion>0x00000006</paintregion>
          <paintid>0x17b6a469</paintid>
          <color1>0,0,0</color1>
          <color2>0,0,0</color2>
        </paint>
      </paintlist>
      <handles count="2">
        <weight channel="0x7cc96c02">0</weight>
        <weight channel="0xd02751de">1</weight>
      </handles>
      <isasymmetric>false</isasymmetric>
    </blockref>
    <blockref>
      <blockid>0x40636000, 0x296b1092</blockid>
      <transform>
        <scale>0.75</scale>
        <position>-0.305755,3.724236,15.321500</position>
        <triangledirection>0.309446,0.0439555,-0.949900</triangledirection>
        <trianglepickorigin>0,0,0</trianglepickorigin>
        <orientation>
          <row0>-0.0136150,0.999032,0.0417937</row0>
          <row1>0.309446,0.0439555,-0.949900</row1>
          <row2>-0.950819,-2.90450e-8,-0.309745</row2>
        </orientation>
      </transform>
      <snapped>false</snapped>
      <paintlist count="2">
        <paint>
          <paintregion>0x00000005</paintregion>
          <paintid>0x17b6a469</paintid>
          <color1>0,0,0</color1>
          <color2>0,0,0</color2>
        </paint>
        <paint>
          <paintregion>0x00000006</paintregion>
          <paintid>0x17b6a469</paintid>
          <color1>0,0,0</color1>
          <color2>0,0,0</color2>
        </paint>
      </paintlist>
      <handles count="2">
        <weight channel="0x7cc96c02">0</weight>
        <weight channel="0xd02751de">1</weight>
      </handles>
      <isasymmetric>false</isasymmetric>
    </blockref>
    <blockref>
      <blockid>0x40636000, 0x296b1092</blockid>
      <transform>
        <scale>0.75</scale>
        <position>-8.512367,3.724238,12.648054</position>
        <triangledirection>0.309446,0.0439554,-0.949900</triangledirection>
        <trianglepickorigin>0,0,0</trianglepickorigin>
        <orientation>
          <row0>0.0136150,-0.999032,-0.0417936</row0>
          <row1>0.309446,0.0439554,-0.949900</row1>
          <row2>0.950819,9.29570e-8,0.309745</row2>
        </orientation>
      </transform>
      <snapped>false</snapped>
      <paintlist count="2">
        <paint>
          <paintregion>0x00000005</paintregion>
          <paintid>0x17b6a469</paintid>
          <color1>0,0,0</color1>
          <color2>0,0,0</color2>
        </paint>
        <paint>
          <paintregion>0x00000006</paintregion>
          <paintid>0x17b6a469</paintid>
          <color1>0,0,0</color1>
          <color2>0,0,0</color2>
        </paint>
      </paintlist>
      <handles count="2">
        <weight channel="0x7cc96c02">0</weight>
        <weight channel="0xd02751de">1</weight>
      </handles>
      <isasymmetric>false</isasymmetric>
    </blockref>
    <blockref>
      <blockid>0x40636000, 0xaf877f25</blockid>
      <transform>
        <scale>0.5</scale>
        <position>-3.983293,0.0358766,9.170540</position>
        <triangledirection>-0.0136149,0.999032,0.0417936</triangledirection>
        <trianglepickorigin>0,0,0</trianglepickorigin>
        <orientation>
          <row0>0.950819,9.31322e-10,0.309745</row0>
          <row1>-0.0136149,0.999032,0.0417936</row1>
          <row2>-0.309446,-0.0439553,0.949900</row2>
        </orientation>
      </transform>
      <snapped>false</snapped>
      <paintlist count="2">
        <paint>
          <paintregion>0x00000005</paintregion>
          <paintid>0x17b6a469</paintid>
          <color1>0,0,0</color1>
          <color2>0,0,0</color2>
        </paint>
        <paint>
          <paintregion>0x0000000e</paintregion>
          <paintid>0x17b6a469</paintid>
          <color1>0,0,0</color1>
          <color2>0,0,0</color2>
        </paint>
      </paintlist>
      <handles count="5">
        <weight channel="0x9bfe8bf8">0</weight>
        <weight channel="0x2e6521f4">0</weight>
        <weight channel="0x7cc96c02">0.330000</weight>
        <weight channel="0x2d3bfa19">0.330000</weight>
        <weight channel="0xd02751de">0.143803</weight>
      </handles>
      <isasymmetric>false</isasymmetric>
    </blockref>
    <blockref>
      <blockid>0x40636000, 0xaf877f25</blockid>
      <transform>
        <scale>0.5</scale>
        <position>-5.816559,1.257416,8.904381</position>
        <triangledirection>-0.830729,-0.473609,-0.292539</triangledirection>
        <trianglepickorigin>0,0,0</trianglepickorigin>
        <orientation>
          <row0>0.950819,9.31322e-10,0.309745</row0>
          <row1>-0.0136149,0.999032,0.0417936</row1>
          <row2>-0.309446,-0.0439553,0.949900</row2>
        </orientation>
        <userorientation>
          <userorientation_row0>-0.474067,0.880487,0</userorientation_row0>
          <userorientation_row1>-0.880487,-0.474067,0</userorientation_row1>
          <userorientation_row2>0,0,1</userorientation_row2>
        </userorientation>
      </transform>
      <snapped>false</snapped>
      <paintlist count="2">
        <paint>
          <paintregion>0x00000005</paintregion>
          <paintid>0x17b6a469</paintid>
          <color1>0,0,0</color1>
          <color2>0,0,0</color2>
        </paint>
        <paint>
          <paintregion>0x0000000e</paintregion>
          <paintid>0x17b6a469</paintid>
          <color1>0,0,0</color1>
          <color2>0,0,0</color2>
        </paint>
      </paintlist>
      <childlist count="1">
        <childid>19</childid>
      </childlist>
      <handles count="5">
        <weight channel="0x9bfe8bf8">0</weight>
        <weight channel="0x2e6521f4">0</weight>
        <weight channel="0x7cc96c02">0.384963</weight>
        <weight channel="0x2d3bfa19">0.384963</weight>
        <weight channel="0xd02751de">0.0747810</weight>
      </handles>
      <isasymmetric>false</isasymmetric>
    </blockref>
    <blockref>
      <blockid>0x40636000, 0xaf877f25</blockid>
      <transform>
        <scale>0.5</scale>
        <position>-6.968431,2.638350,9.463762</position>
        <triangledirection>-0.830729,-0.473609,-0.292539</triangledirection>
        <trianglepickorigin>0,0,0</trianglepickorigin>
        <orientation>
          <row0>0.950819,9.31322e-10,0.309745</row0>
          <row1>-0.0136149,0.999032,0.0417936</row1>
          <row2>-0.309446,-0.0439553,0.949900</row2>
        </orientation>
        <userorientation>
          <userorientation_row0>-0.474067,0.880487,0</userorientation_row0>
          <userorientation_row1>-0.880487,-0.474067,0</userorientation_row1>
          <userorientation_row2>0,0,1</userorientation_row2>
        </userorientation>
      </transform>
      <snapped>false</snapped>
      <paintlist count="2">
        <paint>
          <paintregion>0x00000005</paintregion>
          <paintid>0x17b6a469</paintid>
          <color1>0,0,0</color1>
          <color2>0,0,0</color2>
        </paint>
        <paint>
          <paintregion>0x0000000e</paintregion>
          <paintid>0x17b6a469</paintid>
          <color1>0,0,0</color1>
          <color2>0,0,0</color2>
        </paint>
      </paintlist>
      <handles count="5">
        <weight channel="0x9bfe8bf8">0</weight>
        <weight channel="0x2e6521f4">0</weight>
        <weight channel="0x7cc96c02">0.384963</weight>
        <weight channel="0x2d3bfa19">0.384963</weight>
        <weight channel="0xd02751de">0.138327</weight>
      </handles>
      <isasymmetric>false</isasymmetric>
    </blockref>
    <blockref>
      <blockid>0x40636000, 0xaf877f25</blockid>
      <transform>
        <scale>0.5</scale>
        <position>0.000482558,1.355520,10.803972</position>
        <triangledirection>-0.761224,0.610118,-0.219750</triangledirection>
        <trianglepickorigin>0,0,0</trianglepickorigin>
        <orientation>
          <row0>0.950819,9.31322e-10,0.309745</row0>
          <row1>-0.0136149,0.999032,0.0417936</row1>
          <row2>-0.309446,-0.0439553,0.949900</row2>
        </orientation>
        <userorientation>
          <userorientation_row0>0.610709,0.791854,0</userorientation_row0>
          <userorientation_row1>-0.791854,0.610709,0</userorientation_row1>
          <userorientation_row2>0,0,1</userorientation_row2>
        </userorientation>
      </transform>
      <snapped>false</snapped>
      <paintlist count="2">
        <paint>
          <paintregion>0x00000005</paintregion>
          <paintid>0x17b6a469</paintid>
          <color1>0,0,0</color1>
          <color2>0,0,0</color2>
        </paint>
        <paint>
          <paintregion>0x0000000e</paintregion>
          <paintid>0x17b6a469</paintid>
          <color1>0,0,0</color1>
          <color2>0,0,0</color2>
        </paint>
      </paintlist>
      <handles count="5">
        <weight channel="0x9bfe8bf8">0</weight>
        <weight channel="0x2e6521f4">0</weight>
        <weight channel="0x7cc96c02">0.0583392</weight>
        <weight channel="0x2d3bfa19">0.0583392</weight>
        <weight channel="0xd02751de">0.253359</weight>
      </handles>
      <isasymmetric>false</isasymmetric>
    </blockref>
    <blockref>
      <blockid>0x40636000, 0xaf877f25</blockid>
      <transform>
        <scale>0.5</scale>
        <position>-0.283937,0.883513,10.689480</position>
        <triangledirection>-0.761199,0.610154,-0.219740</triangledirection>
        <trianglepickorigin>0,0,0</trianglepickorigin>
        <orientation>
          <row0>0.950819,9.31322e-10,0.309745</row0>
          <row1>-0.0136149,0.999032,0.0417936</row1>
          <row2>-0.309446,-0.0439553,0.949900</row2>
        </orientation>
        <userorientation>
          <userorientation_row0>0.610743,0.791826,0</userorientation_row0>
          <userorientation_row1>-0.791826,0.610743,0</userorientation_row1>
          <userorientation_row2>0,0,1</userorientation_row2>
        </userorientation>
      </transform>
      <snapped>false</snapped>
      <paintlist count="2">
        <paint>
          <paintregion>0x00000005</paintregion>
          <paintid>0x17b6a469</paintid>
          <color1>0,0,0</color1>
          <color2>0,0,0</color2>
        </paint>
        <paint>
          <paintregion>0x0000000e</paintregion>
          <paintid>0x17b6a469</paintid>
          <color1>0,0,0</color1>
          <color2>0,0,0</color2>
        </paint>
      </paintlist>
      <handles count="5">
        <weight channel="0x9bfe8bf8">0</weight>
        <weight channel="0x2e6521f4">0</weight>
        <weight channel="0x7cc96c02">0.330000</weight>
        <weight channel="0x2d3bfa19">0.330000</weight>
        <weight channel="0xd02751de">0.0837233</weight>
      </handles>
      <isasymmetric>false</isasymmetric>
    </blockref>
    <blockref>
      <blockid>0x40636000, 0xaf877f25</blockid>
      <transform>
        <scale>0.5</scale>
        <position>-2.185071,0.0324257,9.838871</position>
        <triangledirection>-0.0136153,0.999032,0.0417934</triangledirection>
        <trianglepickorigin>0,0,0</trianglepickorigin>
        <orientation>
          <row0>0.950819,9.31322e-10,0.309745</row0>
          <row1>-0.0136149,0.999032,0.0417936</row1>
          <row2>-0.309446,-0.0439553,0.949900</row2>
        </orientation>
        <userorientation>
          <userorientation_row0>1,4.47034e-7,0</userorientation_row0>
          <userorientation_row1>-4.47034e-7,1,0</userorientation_row1>
          <userorientation_row2>0,0,1</userorientation_row2>
        </userorientation>
      </transform>
      <snapped>false</snapped>
      <paintlist count="2">
        <paint>
          <paintregion>0x00000005</paintregion>
          <paintid>0x17b6a469</paintid>
          <color1>0,0,0</color1>
          <color2>0,0,0</color2>
        </paint>
        <paint>
          <paintregion>0x0000000e</paintregion>
          <paintid>0x17b6a469</paintid>
          <color1>0,0,0</color1>
          <color2>0,0,0</color2>
        </paint>
      </paintlist>
      <handles count="5">
        <weight channel="0x9bfe8bf8">0.0184587</weight>
        <weight channel="0x2e6521f4">0.0184587</weight>
        <weight channel="0x7cc96c02">0.330000</weight>
        <weight channel="0x2d3bfa19">0.330000</weight>
        <weight channel="0xd02751de">0.247477</weight>
      </handles>
      <isasymmetric>false</isasymmetric>
    </blockref>
    <blockref>
      <blockid>0x40636000, 0xaf877f27</blockid>
      <transform>
        <scale>0.5</scale>
        <position>-4.249219,3.720622,14.036697</position>
        <triangledirection>-0.0136149,0.999032,0.0417936</triangledirection>
        <trianglepickorigin>0,0,0</trianglepickorigin>
        <orientation>
          <row0>0.950819,9.31322e-10,0.309745</row0>
          <row1>-0.0136149,0.999032,0.0417936</row1>
          <row2>-0.309446,-0.0439553,0.949900</row2>
        </orientation>
      </transform>
      <snapped>false</snapped>
      <paintlist count="2">
        <paint>
          <paintregion>0x00000005</paintregion>
          <paintid>0x17b6a469</paintid>
          <color1>0,0,0</color1>
          <color2>0,0,0</color2>
        </paint>
        <paint>
          <paintregion>0x0000000d</paintregion>
          <paintid>0x17b6a469</paintid>
          <color1>0,0,0</color1>
          <color2>0,0,0</color2>
        </paint>
      </paintlist>
      <childlist count="1">
        <childid>24</childid>
      </childlist>
      <handles count="5">
        <weight channel="0x9bfe8bf8">0.200000</weight>
        <weight channel="0x2e6521f4">0.200000</weight>
        <weight channel="0x7cc96c02">0.200000</weight>
        <weight channel="0x2d3bfa19">0.200000</weight>
        <weight channel="0xd02751de">0.251444</weight>
      </handles>
      <isasymmetric>false</isasymmetric>
    </blockref>
    <blockref>
      <blockid>0x40636000, 0xaf877f27</blockid>
      <transform>
        <scale>1.891488</scale>
        <position>-4.865581,3.636699,15.939044</position>
        <triangledirection>-0.0136149,0.999032,0.0417936</triangledirection>
        <trianglepickorigin>0,0,0</trianglepickorigin>
        <orientation>
          <row0>0.950819,9.31322e-10,0.309745</row0>
          <row1>-0.0136149,0.999032,0.0417936</row1>
          <row2>-0.309446,-0.0439553,0.949900</row2>
        </orientation>
      </transform>
      <snapped>false</snapped>
      <paintlist count="2">
        <paint>
          <paintregion>0x00000005</paintregion>
          <paintid>0x17b6a469</paintid>
          <color1>0,0,0</color1>
          <color2>0,0,0</color2>
        </paint>
        <paint>
          <paintregion>0x0000000d</paintregion>
          <paintid>0x17b6a469</paintid>
          <color1>0,0,0</color1>
          <color2>0,0,0</color2>
        </paint>
      </paintlist>
      <childlist count="7">
        <childid>71</childid>
        <childid>70</childid>
        <childid>35</childid>
        <childid>28</childid>
        <childid>27</childid>
        <childid>26</childid>
        <childid>25</childid>
      </childlist>
      <handles count="5">
        <weight channel="0x9bfe8bf8">0.200000</weight>
        <weight channel="0x2e6521f4">0.200000</weight>
        <weight channel="0x7cc96c02">0.200000</weight>
        <weight channel="0x2d3bfa19">0.200000</weight>
        <weight channel="0xd02751de">0.0407589</weight>
      </handles>
      <isasymmetric>false</isasymmetric>
    </blockref>
    <blockref>
      <blockid>0x40636000, 0x296b1092</blockid>
      <transform>
        <scale>0.75</scale>
        <position>-1.624776,3.544129,19.391174</position>
        <triangledirection>0.309446,0.0439555,-0.949900</triangledirection>
        <trianglepickorigin>0,0,0</trianglepickorigin>
        <orientation>
          <row0>-0.0136150,0.999032,0.0417937</row0>
          <row1>0.309446,0.0439555,-0.949900</row1>
          <row2>-0.950819,-2.90450e-8,-0.309745</row2>
        </orientation>
      </transform>
      <snapped>false</snapped>
      <paintlist count="2">
        <paint>
          <paintregion>0x00000005</paintregion>
          <paintid>0x17b6a469</paintid>
          <color1>0,0,0</color1>
          <color2>0,0,0</color2>
        </paint>
        <paint>
          <paintregion>0x00000006</paintregion>
          <paintid>0x17b6a469</paintid>
          <color1>0,0,0</color1>
          <color2>0,0,0</color2>
        </paint>
      </paintlist>
      <handles count="2">
        <weight channel="0x7cc96c02">0</weight>
        <weight channel="0xd02751de">0.875302</weight>
      </handles>
      <isasymmetric>false</isasymmetric>
    </blockref>
    <blockref>
      <blockid>0x40636000, 0x296b1092</blockid>
      <transform>
        <scale>0.75</scale>
        <position>-3.565737,7.408113,18.937662</position>
        <triangledirection>0.309446,0.0439554,-0.949900</triangledirection>
        <trianglepickorigin>0,0,0</trianglepickorigin>
        <orientation>
          <row0>-0.950819,-4.74973e-8,-0.309745</row0>
          <row1>0.309446,0.0439554,-0.949900</row1>
          <row2>0.0136150,-0.999032,-0.0417936</row2>
        </orientation>
      </transform>
      <snapped>false</snapped>
      <paintlist count="2">
        <paint>
          <paintregion>0x00000005</paintregion>
          <paintid>0x17b6a469</paintid>
          <color1>0,0,0</color1>
          <color2>0,0,0</color2>
        </paint>
        <paint>
          <paintregion>0x00000006</paintregion>
          <paintid>0x17b6a469</paintid>
          <color1>0,0,0</color1>
          <color2>0,0,0</color2>
        </paint>
      </paintlist>
      <handles count="2">
        <weight channel="0x7cc96c02">0</weight>
        <weight channel="0xd02751de">1</weight>
      </handles>
      <isasymmetric>false</isasymmetric>
    </blockref>
    <blockref>
      <blockid>0x40636000, 0x296b1092</blockid>
      <transform>
        <scale>0.808413</scale>
        <position>-7.953537,7.369498,17.506490</position>
        <triangledirection>0.309446,0.0439553,-0.949900</triangledirection>
        <trianglepickorigin>0,0,0</trianglepickorigin>
        <orientation>
          <row0>-0.463615,-0.865190,-0.191066</row0>
          <row1>0.309446,0.0439553,-0.949900</row1>
          <row2>0.830242,-0.499513,0.247351</row2>
        </orientation>
      </transform>
      <snapped>false</snapped>
      <paintlist count="2">
        <paint>
          <paintregion>0x00000005</paintregion>
          <paintid>0x17b6a469</paintid>
          <color1>0,0,0</color1>
          <color2>0,0,0</color2>
        </paint>
        <paint>
          <paintregion>0x00000006</paintregion>
          <paintid>0x17b6a469</paintid>
          <color1>0,0,0</color1>
          <color2>0,0,0</color2>
        </paint>
      </paintlist>
      <handles count="2">
        <weight channel="0x7cc96c02">0</weight>
        <weight channel="0xd02751de">1</weight>
      </handles>
      <isasymmetric>false</isasymmetric>
    </blockref>
    <blockref>
      <blockid>0x40636000, 0x296b1092</blockid>
      <transform>
        <scale>0.939242</scale>
        <position>-9.831388,3.544130,16.717752</position>
        <triangledirection>0.134737,0.0432493,-0.989935</triangledirection>
        <trianglepickorigin>0,0,0</trianglepickorigin>
        <orientation>
          <row0>0.0136150,-0.999032,-0.0417936</row0>
          <row1>0.309446,0.0439554,-0.949900</row1>
          <row2>0.950819,1.49011e-7,0.309745</row2>
        </orientation>
        <userorientation>
          <userorientation_row0>1,0,0</userorientation_row0>
          <userorientation_row1>0,0.983936,-0.178516</userorientation_row1>
          <userorientation_row2>0,0.178516,0.983936</userorientation_row2>
        </userorientation>
      </transform>
      <snapped>false</snapped>
      <paintlist count="2">
        <paint>
          <paintregion>0x00000005</paintregion>
          <paintid>0x17b6a469</paintid>
          <color1>0,0,0</color1>
          <color2>0,0,0</color2>
        </paint>
        <paint>
          <paintregion>0x00000006</paintregion>
          <paintid>0x17b6a469</paintid>
          <color1>0,0,0</color1>
          <color2>0,0,0</color2>
        </paint>
      </paintlist>
      <handles count="2">
        <weight channel="0x7cc96c02">0</weight>
        <weight channel="0xd02751de">1</weight>
      </handles>
      <isasymmetric>false</isasymmetric>
