<?xml version="1.0" encoding="UTF-8"?><sporemodel>
  <formatversion>18</formatversion>
  <properties>
    <modeltype>0x99e92f05</modeltype>
    <zcorpscore>3</zcorpscore>
  </properties>
  <blocks count="56">
    <blockref>
      <blockid>0x40636000, 0xaf877f24</blockid>
      <transform>
        <scale>0.614076</scale>
        <position>-3.264312,-4.074634,0.0499726</position>
        <triangledirection>0,1,0</triangledirection>
        <trianglepickorigin>0,0,0</trianglepickorigin>
        <orientation>
          <row0>1,0,0</row0>
          <row1>0,1,0</row1>
          <row2>0,0,1</row2>
        </orientation>
      </transform>
      <snapped>false</snapped>
      <paintlist count="1">
        <paint>
          <paintregion>0x00000009</paintregion>
          <paintid>0x35915380</paintid>
          <color1>0.549000,0.128998,0.556999</color1>
          <color2>0.188234,0.282352,0.0509802</color2>
        </paint>
      </paintlist>
      <childlist count="3">
        <childid>15</childid>
        <childid>14</childid>
        <childid>13</childid>
      </childlist>
      <handles count="3">
        <weight channel="0xd02751de">0.200000</weight>
        <weight channel="0x808c04d9">0.200000</weight>
        <weight channel="0x3af5266f">0.5</weight>
      </handles>
      <isasymmetric>false</isasymmetric>
    </blockref>
    <blockref>
      <blockid>0x40636000, 0xaf877f24</blockid>
      <transform>
        <scale>0.614076</scale>
        <position>3.359011,2.351227,1.184016</position>
        <triangledirection>0.0469241,0.883782,0.465537</triangledirection>
        <trianglepickorigin>0,0,0</trianglepickorigin>
        <orientation>
          <row0>1,0,0</row0>
          <row1>0,1,0</row1>
          <row2>0,0,1</row2>
        </orientation>
        <userorientation>
          <userorientation_row0>0.903006,0.161718,-0.398027</userorientation_row0>
          <userorientation_row1>0.0469241,0.883782,0.465537</userorientation_row1>
          <userorientation_row2>0.427056,-0.439060,0.790472</userorientation_row2>
        </userorientation>
      </transform>
      <snapped>false</snapped>
      <paintlist count="1">
        <paint>
          <paintregion>0x00000009</paintregion>
          <paintid>0x35915380</paintid>
          <color1>0.549000,0.128998,0.556999</color1>
          <color2>0.188234,0.282352,0.0509802</color2>
        </paint>
      </paintlist>
      <childlist count="3">
        <childid>19</childid>
        <childid>18</childid>
        <childid>17</childid>
      </childlist>
      <handles count="3">
        <weight channel="0xd02751de">0.200000</weight>
        <weight channel="0x808c04d9">0.200000</weight>
        <weight channel="0x3af5266f">0.5</weight>
      </handles>
      <isasymmetric>false</isasymmetric>
    </blockref>
    <blockref>
      <blockid>0x40636000, 0xaf877f26</blockid>
      <transform>
        <scale>0.5</scale>
        <position>-3.264312,-3.221438,0.00877188</position>
        <triangledirection>0,0.982842,0.184443</triangledirection>
        <trianglepickorigin>0,0,0</trianglepickorigin>
        <orientation>
          <row0>1,0,0</row0>
          <row1>0,1,0</row1>
          <row2>0,0,1</row2>
        </orientation>
        <userorientation>
          <userorientation_row0>0.999653,0.00484531,-0.0258189</userorientation_row0>
          <userorientation_row1>0,0.982842,0.184443</userorientation_row1>
          <userorientation_row2>0.0262697,-0.184379,0.982502</userorientation_row2>
        </userorientation>
      </transform>
      <snapped>false</snapped>
      <paintlist count="2">
        <paint>
          <paintregion>0x00000005</paintregion>
          <paintid>0x35915380</paintid>
          <color1>0.549000,0.128998,0.556999</color1>
          <color2>0.188234,0.282352,0.0509802</color2>
        </paint>
        <paint>
          <paintregion>0x0000000d</paintregion>
          <paintid>0x35915380</paintid>
          <color1>0.549000,0.128998,0.556999</color1>
          <color2>0.188234,0.282352,0.0509802</color2>
        </paint>
      </paintlist>
      <childlist count="1">
        <childid>16</childid>
      </childlist>
      <handles count="4">
        <weight channel="0xd02751de">0.631365</weight>
        <weight channel="0x808c04d9">0.330000</weight>
        <weight channel="0x3af5266f">0.206760</weight>
        <weight channel="0xbb7f0931">0.253486</weight>
      </handles>
      <isasymmetric>false</isasymmetric>
    </blockref>
    <blockref>
      <blockid>0x40636000, 0xaf877f26</blockid>
      <transform>
        <scale>0.5</scale>
        <position>-3.281100,-4.546504,4.471435</position>
        <triangledirection>0,0.802667,-0.596426</triangledirection>
        <trianglepickorigin>0,0,0</trianglepickorigin>
        <orientation>
          <row0>1,0,0</row0>
          <row1>0,1,0</row1>
          <row2>0,0,1</row2>
        </orientation>
        <userorientation>
          <userorientation_row0>0.979544,-0.120015,-0.161514</userorientation_row0>
          <userorientation_row1>0,0.802667,-0.596426</userorientation_row1>
          <userorientation_row2>0.201223,0.584226,0.786248</userorientation_row2>
        </userorientation>
      </transform>
      <snapped>false</snapped>
      <paintlist count="2">
        <paint>
          <paintregion>0x00000005</paintregion>
          <paintid>0x35915380</paintid>
          <color1>0.549000,0.128998,0.556999</color1>
          <color2>0.188234,0.282352,0.0509802</color2>
        </paint>
        <paint>
          <paintregion>0x0000000d</paintregion>
          <paintid>0x35915380</paintid>
          <color1>0.549000,0.128998,0.556999</color1>
          <color2>0.188234,0.282352,0.0509802</color2>
        </paint>
      </paintlist>
      <handles count="4">
        <weight channel="0xd02751de">0.631365</weight>
        <weight channel="0x808c04d9">0.240667</weight>
        <weight channel="0x3af5266f">0.389034</weight>
        <weight channel="0xbb7f0931">0.422928</weight>
      </handles>
      <isasymmetric>false</isasymmetric>
    </blockref>
    <blockref>
      <blockid>0x40636000, 0xaf877f26</blockid>
      <transform>
        <scale>0.5</scale>
        <position>2.976614,2.408878,1.657927</position>
        <triangledirection>0.0384809,0.829321,0.557443</triangledirection>
        <trianglepickorigin>0,0,0</trianglepickorigin>
        <orientation>
          <row0>1,0,0</row0>
          <row1>0,1,0</row1>
          <row2>0,0,1</row2>
        </orientation>
        <userorientation>
          <userorientation_row0>0.941025,0.157579,-0.299394</userorientation_row0>
          <userorientation_row1>0.0384809,0.829321,0.557443</userorientation_row1>
          <userorientation_row2>0.336136,-0.536089,0.774349</userorientation_row2>
        </userorientation>
      </transform>
      <snapped>false</snapped>
      <paintlist count="2">
        <paint>
          <paintregion>0x00000005</paintregion>
          <paintid>0x35915380</paintid>
          <color1>0.549000,0.128998,0.556999</color1>
          <color2>0.188234,0.282352,0.0509802</color2>
        </paint>
        <paint>
          <paintregion>0x0000000d</paintregion>
          <paintid>0x35915380</paintid>
          <color1>0.549000,0.128998,0.556999</color1>
          <color2>0.188234,0.282352,0.0509802</color2>
        </paint>
      </paintlist>
      <childlist count="1">
        <childid>20</childid>
      </childlist>
      <handles count="4">
        <weight channel="0xd02751de">0.527221</weight>
        <weight channel="0x808c04d9">0.330000</weight>
        <weight channel="0x3af5266f">0.206760</weight>
        <weight channel="0xbb7f0931">0.240722</weight>
      </handles>
      <isasymmetric>false</isasymmetric>
    </blockref>
    <blockref>
      <blockid>0x40636000, 0xaf877f26</blockid>
      <transform>
        <scale>0.5</scale>
        <position>4.605238,-0.0636214,4.471435</position>
        <triangledirection>-7.45058e-9,0.802667,-0.596426</triangledirection>
        <trianglepickorigin>0,0,0</trianglepickorigin>
        <orientation>
          <row0>1,0,0</row0>
          <row1>0,1,0</row1>
          <row2>0,0,1</row2>
        </orientation>
        <userorientation>
          <userorientation_row0>0.872815,0.291085,0.391741</userorientation_row0>
          <userorientation_row1>-7.45058e-9,0.802667,-0.596426</userorientation_row1>
          <userorientation_row2>-0.488050,0.520569,0.700580</userorientation_row2>
        </userorientation>
      </transform>
      <snapped>false</snapped>
      <paintlist count="2">
        <paint>
          <paintregion>0x00000005</paintregion>
          <paintid>0x35915380</paintid>
          <color1>0.549000,0.128998,0.556999</color1>
          <color2>0.188234,0.282352,0.0509802</color2>
        </paint>
        <paint>
          <paintregion>0x0000000d</paintregion>
          <paintid>0x35915380</paintid>
          <color1>0.549000,0.128998,0.556999</color1>
          <color2>0.188234,0.282352,0.0509802</color2>
        </paint>
      </paintlist>
      <handles count="4">
        <weight channel="0xd02751de">0.631365</weight>
        <weight channel="0x808c04d9">0.240667</weight>
        <weight channel="0x3af5266f">0.389034</weight>
        <weight channel="0xbb7f0931">0.422928</weight>
      </handles>
      <isasymmetric>false</isasymmetric>
    </blockref>
    <blockref>
      <blockid>0x40636000, 0xaf877f26</blockid>
      <transform>
        <scale>0.911059</scale>
        <position>-2.516691,3.394047,4.471435</position>
        <triangledirection>-0.344157,0.554995,0.757319</triangledirection>
        <trianglepickorigin>0,0,0</trianglepickorigin>
        <orientation>
          <row0>1,0,0</row0>
          <row1>0,1,0</row1>
          <row2>0,0,1</row2>
        </orientation>
        <userorientation>
          <userorientation_row0>0.828507,0.558996,-0.0331472</userorientation_row0>
          <userorientation_row1>-0.344157,0.554995,0.757319</userorientation_row1>
          <userorientation_row2>0.441736,-0.616037,0.652200</userorientation_row2>
        </userorientation>
      </transform>
      <snapped>false</snapped>
      <paintlist count="2">
        <paint>
          <paintregion>0x00000005</paintregion>
          <paintid>0x35915380</paintid>
          <color1>0.549000,0.128998,0.556999</color1>
          <color2>0.188234,0.282352,0.0509802</color2>
        </paint>
        <paint>
          <paintregion>0x0000000d</paintregion>
          <paintid>0x35915380</paintid>
          <color1>0.549000,0.128998,0.556999</color1>
          <color2>0.188234,0.282352,0.0509802</color2>
        </paint>
      </paintlist>
      <handles count="4">
        <weight channel="0xd02751de">0.631365</weight>
        <weight channel="0x808c04d9">0.240667</weight>
        <weight channel="0x3af5266f">0.389034</weight>
        <weight channel="0xbb7f0931">0.422928</weight>
      </handles>
      <isasymmetric>false</isasymmetric>
    </blockref>
    <blockref>
      <blockid>0x40636000, 0xaf877f26</blockid>
      <transform>
        <scale>0.5</scale>
        <position>-5.983743,7.815471,2.001471</position>
        <triangledirection>-0.190984,0.360246,0.913097</triangledirection>
        <trianglepickorigin>0,0,0</trianglepickorigin>
        <orientation>
          <row0>1,0,0</row0>
          <row1>0,1,0</row1>
          <row2>0,0,1</row2>
        </orientation>
        <userorientation>
          <userorientation_row0>0.808040,0.585842,-0.0621218</userorientation_row0>
          <userorientation_row1>-0.190984,0.360246,0.913097</userorientation_row1>
          <userorientation_row2>0.557309,-0.725955,0.402981</userorientation_row2>
        </userorientation>
      </transform>
      <snapped>false</snapped>
      <paintlist count="2">
        <paint>
          <paintregion>0x00000005</paintregion>
          <paintid>0x35915380</paintid>
          <color1>0.549000,0.128998,0.556999</color1>
          <color2>0.188234,0.282352,0.0509802</color2>
        </paint>
        <paint>
          <paintregion>0x0000000d</paintregion>
          <paintid>0x35915380</paintid>
          <color1>0.549000,0.128998,0.556999</color1>
          <color2>0.188234,0.282352,0.0509802</color2>
        </paint>
      </paintlist>
      <handles count="4">
        <weight channel="0xd02751de">0.801219</weight>
        <weight channel="0x808c04d9">0.240667</weight>
        <weight channel="0x3af5266f">0.389034</weight>
        <weight channel="0xbb7f0931">0.422928</weight>
      </handles>
      <isasymmetric>false</isasymmetric>
    </blockref>
    <blockref>
      <blockid>0x40636000, 0xaf877f26</blockid>
      <transform>
        <scale>0.5</scale>
        <position>-5.669342,7.418391,2.111399</position>
        <triangledirection>0.0537211,-0.178279,-0.982511</triangledirection>
        <trianglepickorigin>0,0,0</trianglepickorigin>
        <orientation>
          <row0>1,0,0</row0>
          <row1>0,1,0</row1>
          <row2>0,0,1</row2>
        </orientation>
        <userorientation>
          <userorientation_row0>0.808040,0.585842,-0.0621218</userorientation_row0>
          <userorientation_row1>0.0537211,-0.178279,-0.982511</userorientation_row1>
          <userorientation_row2>-0.586672,0.790571,-0.175530</userorientation_row2>
        </userorientation>
      </transform>
      <snapped>false</snapped>
      <paintlist count="2">
        <paint>
          <paintregion>0x00000005</paintregion>
          <paintid>0x35915380</paintid>
          <color1>0.549000,0.128998,0.556999</color1>
          <color2>0.188234,0.282352,0.0509802</color2>
        </paint>
        <paint>
          <paintregion>0x0000000d</paintregion>
          <paintid>0x35915380</paintid>
          <color1>0.549000,0.128998,0.556999</color1>
          <color2>0.188234,0.282352,0.0509802</color2>
        </paint>
      </paintlist>
      <handles count="4">
        <weight channel="0xd02751de">0.631365</weight>
        <weight channel="0x808c04d9">0.230077</weight>
        <weight channel="0x3af5266f">0.155459</weight>
        <weight channel="0xbb7f0931">0.0543362</weight>
      </handles>
      <isasymmetric>false</isasymmetric>
    </blockref>
    <blockref>
      <blockid>0x40636000, 0xaf877f28</blockid>
      <transform>
        <scale>0.784156</scale>
        <position>1.343773,3.760262,6.071181</position>
        <triangledirection>0.0101370,0.697521,0.716490</triangledirection>
        <trianglepickorigin>0,0,0</trianglepickorigin>
        <orientation>
          <row0>1,0,0</row0>
          <row1>0,1,0</row1>
          <row2>0,0,1</row2>
        </orientation>
        <userorientation>
          <userorientation_row0>0.998148,0.0359126,-0.0490840</userorientation_row0>
          <userorientation_row1>0.0101370,0.697521,0.716490</userorientation_row1>
          <userorientation_row2>0.0599684,-0.715662,0.695867</userorientation_row2>
        </userorientation>
      </transform>
      <snapped>false</snapped>
      <paintlist count="2">
        <paint>
          <paintregion>0x00000005</paintregion>
          <paintid>0x35915380</paintid>
          <color1>0.549000,0.128998,0.556999</color1>
          <color2>0.188234,0.282352,0.0509802</color2>
        </paint>
        <paint>
          <paintregion>0x0000000d</paintregion>
          <paintid>0x35915380</paintid>
          <color1>0.549000,0.128998,0.556999</color1>
          <color2>0.188234,0.282352,0.0509802</color2>
        </paint>
      </paintlist>
      <handles count="4">
        <weight channel="0xd02751de">0.333000</weight>
        <weight channel="0x808c04d9">0.200000</weight>
        <weight channel="0x3af5266f">0.217429</weight>
        <weight channel="0xbb7f0931">0.200000</weight>
      </handles>
      <isasymmetric>false</isasymmetric>
    </blockref>
    <blockref>
      <blockid>0x40636000, 0xaf877f28</blockid>
      <transform>
        <scale>0.784156</scale>
        <position>-3.594902,-0.517611,6.718616</position>
        <triangledirection>0,0.904049,0.427426</triangledirection>
        <trianglepickorigin>0,0,0</trianglepickorigin>
        <orientation>
          <row0>1,0,0</row0>
          <row1>0,1,0</row1>
          <row2>0,0,1</row2>
        </orientation>
        <userorientation>
          <userorientation_row0>0.691796,0.308640,-0.652806</userorientation_row0>
          <userorientation_row1>0,0.904049,0.427426</userorientation_row1>
          <userorientation_row2>0.722091,-0.295691,0.625419</userorientation_row2>
        </userorientation>
      </transform>
      <snapped>false</snapped>
      <paintlist count="2">
        <paint>
          <paintregion>0x00000005</paintregion>
          <paintid>0x35915380</paintid>
          <color1>0.549000,0.128998,0.556999</color1>
          <color2>0.188234,0.282352,0.0509802</color2>
        </paint>
        <paint>
          <paintregion>0x0000000d</paintregion>
          <paintid>0x35915380</paintid>
          <color1>0.549000,0.128998,0.556999</color1>
          <color2>0.188234,0.282352,0.0509802</color2>
        </paint>
      </paintlist>
      <handles count="4">
        <weight channel="0xd02751de">0.333000</weight>
        <weight channel="0x808c04d9">0.200000</weight>
        <weight channel="0x3af5266f">0.200000</weight>
        <weight channel="0xbb7f0931">0.200000</weight>
      </handles>
      <isasymmetric>false</isasymmetric>
    </blockref>
    <blockref>
      <blockid>0x40636000, 0xaf877f26</blockid>
      <transform>
        <scale>0.911059</scale>
        <position>1.371427,-1.692427,9.637487</position>
        <triangledirection>-0.414261,0.828420,0.376967</triangledirection>
        <trianglepickorigin>0,0,0</trianglepickorigin>
        <orientation>
          <row0>1,0,0</row0>
          <row1>0,1,0</row1>
          <row2>0,0,1</row2>
        </orientation>
        <userorientation>
          <userorientation_row0>0.908707,0.399829,0.119943</userorientation_row0>
          <userorientation_row1>-0.414261,0.828420,0.376967</userorientation_row1>
          <userorientation_row2>0.0513596,-0.392242,0.918425</userorientation_row2>
        </userorientation>
      </transform>
      <snapped>false</snapped>
      <paintlist count="2">
        <paint>
          <paintregion>0x00000005</paintregion>
          <paintid>0x35915380</paintid>
          <color1>0.549000,0.128998,0.556999</color1>
          <color2>0.188234,0.282352,0.0509802</color2>
        </paint>
        <paint>
          <paintregion>0x0000000d</paintregion>
          <paintid>0x35915380</paintid>
          <color1>0.549000,0.128998,0.556999</color1>
          <color2>0.188234,0.282352,0.0509802</color2>
        </paint>
      </paintlist>
      <childlist count="4">
        <childid>49</childid>
        <childid>48</childid>
        <childid>24</childid>
        <childid>23</childid>
      </childlist>
      <handles count="4">
        <weight channel="0xd02751de">0.618584</weight>
        <weight channel="0x808c04d9">0.419176</weight>
        <weight channel="0x3af5266f">0.430373</weight>
        <weight channel="0xbb7f0931">0.253793</weight>
      </handles>
      <isasymmetric>false</isasymmetric>
    </blockref>
    <blockref>
      <blockid>0x40636000, 0xaf877f28</blockid>
      <transform>
        <scale>0.982016</scale>
        <position>1.212471,-0.842244,7.777551</position>
        <triangledirection>-0.0366625,0.874180,0.484214</triangledirection>
        <trianglepickorigin>0,0,0</trianglepickorigin>
        <orientation>
          <row0>1,0,0</row0>
          <row1>0,1,0</row1>
          <row2>0,0,1</row2>
        </orientation>
        <userorientation>
          <userorientation_row0>0.993625,0.0835710,-0.0756428</userorientation_row0>
          <userorientation_row1>-0.0366625,0.874180,0.484214</userorientation_row1>
          <userorientation_row2>0.106591,-0.478354,0.871672</userorientation_row2>
        </userorientation>
      </transform>
      <snapped>false</snapped>
      <paintlist count="2">
        <paint>
          <paintregion>0x00000005</paintregion>
          <paintid>0x35915380</paintid>
          <color1>0.549000,0.128998,0.556999</color1>
          <color2>0.188234,0.282352,0.0509802</color2>
        </paint>
        <paint>
          <paintregion>0x0000000d</paintregion>
          <paintid>0x35915380</paintid>
          <color1>0.549000,0.128998,0.556999</color1>
          <color2>0.188234,0.282352,0.0509802</color2>
        </paint>
      </paintlist>
      <handles count="4">
        <weight channel="0xd02751de">0.415630</weight>
        <weight channel="0x808c04d9">0.229426</weight>
        <weight channel="0x3af5266f">0.232153</weight>
        <weight channel="0xbb7f0931">0.200000</weight>
      </handles>
      <isasymmetric>false</isasymmetric>
    </blockref>
    <blockref>
      <blockid>0x40636000, 0xb4813e2b</blockid>
      <transform>
        <scale>1.454990</scale>
        <position>-4.219272,-4.958167,0.359290</position>
        <triangledirection>0.388837,0.920974,-0.0247150</triangledirection>
        <trianglepickorigin>0,0,0</trianglepickorigin>
        <orientation>
          <row0>0.479939,-0.877300,1.49010e-8</row0>
          <row1>0.858182,0.469478,-0.207633</row1>
          <row2>0.182156,0.0996517,0.978205</row2>
        </orientation>
        <userorientation>
          <userorientation_row0>0.778702,0.627393,7.45058e-9</userorientation_row0>
          <userorientation_row1>-0.621352,0.771205,0.138429</userorientation_row1>
          <userorientation_row2>0.0868502,-0.107795,0.990372</userorientation_row2>
        </userorientation>
      </transform>
      <snapped>false</snapped>
      <paintlist count="2">
        <paint>
          <paintregion>0x00000004</paintregion>
          <paintid>0x35915380</paintid>
          <color1>0.549000,0.128998,0.556999</color1>
          <color2>0.219606,0.282352,0.129410</color2>
        </paint>
        <paint>
          <paintregion>0x00000011</paintregion>
          <paintid>0x35915380</paintid>
          <color1>0.549000,0.128998,0.556999</color1>
          <color2>0.803920,0.788235,0.584312</color2>
        </paint>
      </paintlist>
      <handles count="1">
        <weight channel="0x2e6521f4">0.200000</weight>
      </handles>
      <isasymmetric>false</isasymmetric>
    </blockref>
    <blockref>
      <blockid>0x40636000, 0xb4813e2b</blockid>
      <transform>
        <scale>1.454990</scale>
        <position>-3.376053,-5.305274,0.443870</position>
        <triangledirection>0.0454173,0.998296,-0.0366175</triangledirection>
        <trianglepickorigin>0,0,0</trianglepickorigin>
        <orientation>
          <row0>1,2.85003e-9,6.92560e-9</row0>
          <row1>2.22043e-16,0.924755,-0.380558</row1>
          <row2>-7.48910e-9,0.380558,0.924755</row2>
        </orientation>
        <userorientation>
          <userorientation_row0>0.995911,-0.0153975,-0.0890119</userorientation_row0>
          <userorientation_row1>0.0454173,0.937116,0.346047</userorientation_row1>
          <userorientation_row2>0.0780861,-0.348675,0.933983</userorientation_row2>
        </userorientation>
      </transform>
      <snapped>false</snapped>
      <paintlist count="2">
        <paint>
          <paintregion>0x00000004</paintregion>
          <paintid>0x35915380</paintid>
          <color1>0.549000,0.128998,0.556999</color1>
          <color2>0.219606,0.282352,0.129410</color2>
        </paint>
        <paint>
          <paintregion>0x00000011</paintregion>
          <paintid>0x35915380</paintid>
          <color1>0.549000,0.128998,0.556999</color1>
          <color2>0.803920,0.788235,0.584312</color2>
        </paint>
      </paintlist>
      <handles count="1">
        <weight channel="0x2e6521f4">0.285475</weight>
      </handles>
      <isasymmetric>false</isasymmetric>
    </blockref>
    <blockref>
      <blockid>0x40636000, 0xb4813e2b</blockid>
      <transform>
        <scale>1.454990</scale>
        <position>-2.152714,-5.210228,0.301777</position>
        <triangledirection>-0.578339,0.770925,-0.266822</triangledirection>
        <trianglepickorigin>0,0,0</trianglepickorigin>
        <orientation>
          <row0>0.648598,0.761129,-1.49010e-8</row0>
          <row1>-0.710703,0.605625,-0.357933</row1>
          <row2>-0.272435,0.232155,0.933745</row2>
        </orientation>
        <userorientation>
          <userorientation_row0>0.973474,-0.202037,-0.107358</userorientation_row0>
          <userorientation_row1>0.211665,0.973426,0.0873896</userorientation_row1>
          <userorientation_row2>0.0868502,-0.107795,0.990372</userorientation_row2>
        </userorientation>
      </transform>
      <snapped>false</snapped>
      <paintlist count="2">
        <paint>
          <paintregion>0x00000004</paintregion>
          <paintid>0x35915380</paintid>
          <color1>0.549000,0.128998,0.556999</color1>
          <color2>0.219606,0.282352,0.129410</color2>
        </paint>
        <paint>
          <paintregion>0x00000011</paintregion>
          <paintid>0x35915380</paintid>
          <color1>0.549000,0.128998,0.556999</color1>
          <color2>0.803920,0.788235,0.584312</color2>
        </paint>
      </paintlist>
      <handles count="1">
        <weight channel="0x2e6521f4">0.200000</weight>
      </handles>
      <isasymmetric>false</isasymmetric>
    </blockref>
    <blockref>
      <blockid>0x40636000, 0xb4813e2b</blockid>
      <transform>
        <scale>1.454990</scale>
        <position>-3.520524,-1.884230,0.275123</position>
        <triangledirection>0.304637,-0.941118,-0.146598</triangledirection>
        <trianglepickorigin>0,0,0</trianglepickorigin>
        <orientation>
          <row0>-0.990706,-0.136006,7.45058e-9</row0>
          <row1>0.120879,-0.880509,0.458357</row1>
          <row2>-0.0623400,0.454098,0.888767</row2>
        </orientation>
        <userorientation>
          <userorientation_row0>0.981992,0.0964727,-0.162430</userorientation_row0>
          <userorientation_row1>-0.173807,0.798291,-0.576644</userorientation_row1>
          <userorientation_row2>0.0740363,0.594492,0.800684</userorientation_row2>
        </userorientation>
      </transform>
      <snapped>false</snapped>
      <paintlist count="2">
        <paint>
          <paintregion>0x00000004</paintregion>
          <paintid>0x35915380</paintid>
          <color1>0.549000,0.128998,0.556999</color1>
          <color2>0.219606,0.282352,0.129410</color2>
        </paint>
        <paint>
          <paintregion>0x00000011</paintregion>
          <paintid>0x35915380</paintid>
          <color1>0.549000,0.128998,0.556999</color1>
          <color2>0.803920,0.788235,0.584312</color2>
        </paint>
      </paintlist>
      <handles count="1">
        <weight channel="0x2e6521f4">0.200000</weight>
      </handles>
      <isasymmetric>false</isasymmetric>
    </blockref>
    <blockref>
      <blockid>0x40636000, 0xb4813e2b</blockid>
      <transform>
        <scale>1.454990</scale>
        <position>4.773387,1.465358,0.512498</position>
        <triangledirection>-0.890071,0.455390,-0.0197420</triangledirection>
        <trianglepickorigin>0,0,0</trianglepickorigin>
        <orientation>
          <row0>0.589820,0.805486,-0.0574650</row0>
          <row1>-0.721385,0.557542,0.410789</row1>
          <row2>0.362924,-0.200837,0.909916</row2>
        </orientation>
        <userorientation>
          <userorientation_row0>0.986213,0.164110,-0.0211871</userorientation_row0>
          <userorientation_row1>-0.157036,0.887875,-0.432453</userorientation_row1>
          <userorientation_row2>-0.0521582,0.429818,0.901407</userorientation_row2>
        </userorientation>
      </transform>
      <snapped>false</snapped>
      <paintlist count="2">
        <paint>
          <paintregion>0x00000004</paintregion>
          <paintid>0x35915380</paintid>
          <color1>0.549000,0.128998,0.556999</color1>
          <color2>0.219606,0.282352,0.129410</color2>
        </paint>
        <paint>
          <paintregion>0x00000011</paintregion>
          <paintid>0x35915380</paintid>
          <color1>0.549000,0.128998,0.556999</color1>
          <color2>0.803920,0.788235,0.584312</color2>
        </paint>
      </paintlist>
      <handles count="1">
        <weight channel="0x2e6521f4">0.285475</weight>
      </handles>
      <isasymmetric>false</isasymmetric>
    </blockref>
    <blockref>
      <blockid>0x40636000, 0xb4813e2b</blockid>
      <transform>
        <scale>1.454990</scale>
        <position>3.512547,0.836959,0.514835</position>
        <triangledirection>-0.526704,0.847594,0.0645319</triangledirection>
        <trianglepickorigin>0,0,0</trianglepickorigin>
        <orientation>
          <row0>0.951282,0.308319,1.49010e-8</row0>
          <row1>-0.295468,0.911630,0.285703</row1>
          <row2>0.0880881,-0.271784,0.958317</row2>
        </orientation>
        <userorientation>
          <userorientation_row0>0.970820,0.232217,-0.0598599</userorientation_row0>
          <userorientation_row1>-0.239712,0.946756,-0.214917</userorientation_row1>
          <userorientation_row2>0.00676515,0.222994,0.974795</userorientation_row2>
        </userorientation>
      </transform>
      <snapped>false</snapped>
      <paintlist count="2">
        <paint>
          <paintregion>0x00000004</paintregion>
          <paintid>0x35915380</paintid>
          <color1>0.549000,0.128998,0.556999</color1>
          <color2>0.219606,0.282352,0.129410</color2>
        </paint>
        <paint>
          <paintregion>0x00000011</paintregion>
          <paintid>0x35915380</paintid>
          <color1>0.549000,0.128998,0.556999</color1>
          <color2>0.803920,0.788235,0.584312</color2>
        </paint>
      </paintlist>
      <handles count="1">
        <weight channel="0x2e6521f4">0.200000</weight>
      </handles>
      <isasymmetric>false</isasymmetric>
    </blockref>
    <blockref>
      <blockid>0x40636000, 0xb4813e2b</blockid>
      <transform>
        <scale>1.454990</scale>
        <position>4.921515,2.937288,0.562608</position>
        <triangledirection>-0.973914,-0.215253,0.0718140</triangledirection>
        <trianglepickorigin>0,0,0</trianglepickorigin>
        <orientation>
          <row0>-0.0673243,0.997730,3.25961e-9</row0>
          <row1>-0.995557,-0.0671776,0.0659724</row1>
          <row2>0.0658228,0.00444155,0.997820</row2>
        </orientation>
        <userorientation>
          <userorientation_row0>0.987933,0.149342,-0.0410201</userorientation_row0>
          <userorientation_row1>-0.149196,0.988785,0.00659572</userorientation_row1>
          <userorientation_row2>0.0415452,-0.000396018,0.999135</userorientation_row2>
        </userorientation>
      </transform>
      <snapped>false</snapped>
      <paintlist count="2">
        <paint>
          <paintregion>0x00000004</paintregion>
          <paintid>0x35915380</paintid>
          <color1>0.549000,0.128998,0.556999</color1>
          <color2>0.219606,0.282352,0.129410</color2>
        </paint>
        <paint>
          <paintregion>0x00000011</paintregion>
          <paintid>0x35915380</paintid>
          <color1>0.549000,0.128998,0.556999</color1>
          <color2>0.803920,0.788235,0.584312</color2>
        </paint>
      </paintlist>
      <handles count="1">
        <weight channel="0x2e6521f4">0.200000</weight>
      </handles>
      <isasymmetric>false</isasymmetric>
    </blockref>
    <blockref>
      <blockid>0x40636000, 0xb4813e2b</blockid>
      <transform>
        <scale>1.454990</scale>
        <position>2.366997,2.601672,2.460369</position>
        <triangledirection>0.743272,-0.312911,-0.591296</triangledirection>
        <trianglepickorigin>0,0,0</trianglepickorigin>
        <orientation>
          <row0>-0.942187,0.335085,-1.49010e-8</row0>
          <row1>-0.251168,-0.706229,-0.661930</row1>
          <row2>-0.221803,-0.623663,0.749563</row2>
        </orientation>
        <userorientation>
          <userorientation_row0>0.219058,0.860487,0.459969</userorientation_row0>
          <userorientation_row1>-0.805154,0.425698,-0.412923</userorientation_row1>
          <userorientation_row2>-0.551124,-0.279891,0.786078</userorientation_row2>
        </userorientation>
      </transform>
      <snapped>false</snapped>
      <paintlist count="2">
        <paint>
          <paintregion>0x00000004</paintregion>
          <paintid>0x35915380</paintid>
          <color1>0.549000,0.128998,0.556999</color1>
          <color2>0.219606,0.282352,0.129410</color2>
        </paint>
        <paint>
          <paintregion>0x00000011</paintregion>
          <paintid>0x35915380</paintid>
          <color1>0.549000,0.128998,0.556999</color1>
          <color2>0.803920,0.788235,0.584312</color2>
        </paint>
      </paintlist>
      <handles count="1">
        <weight channel="0x2e6521f4">0.200000</weight>
      </handles>
      <isasymmetric>false</isasymmetric>
    </blockref>
    <blockref>
      <blockid>0x40636000, 0xaf877f28</blockid>
      <transform>
        <scale>0.5</scale>
        <position>4.376608,0.275970,3.931763</position>
        <triangledirection>-0.293785,0.941442,0.165459</triangledirection>
        <trianglepickorigin>0,0,0</trianglepickorigin>
        <orientation>
          <row0>1,0,0</row0>
          <row1>0,1,0</row1>
          <row2>0,0,1</row2>
        </orientation>
        <userorientation>
          <userorientation_row0>0.952789,0.302307,-0.0283451</userorientation_row0>
          <userorientation_row1>-0.293785,0.941442,0.165459</userorientation_row1>
          <userorientation_row2>0.0767050,-0.149320,0.985809</userorientation_row2>
        </userorientation>
      </transform>
      <snapped>false</snapped>
      <paintlist count="2">
        <paint>
          <paintregion>0x00000005</paintregion>
          <paintid>0x35915380</paintid>
          <color1>0.549000,0.128998,0.556999</color1>
          <color2>0.188234,0.282352,0.0509802</color2>
        </paint>
        <paint>
          <paintregion>0x0000000d</paintregion>
          <paintid>0x35915380</paintid>
          <color1>0.549000,0.128998,0.556999</color1>
          <color2>0.188234,0.282352,0.0509802</color2>
        </paint>
      </paintlist>
      <handles count="4">
        <weight channel="0xd02751de">0.213378</weight>
        <weight channel="0x808c04d9">0.122036</weight>
        <weight channel="0x3af5266f">0.135115</weight>
        <weight channel="0xbb7f0931">0.104541</weight>
      </handles>
      <isasymmetric>false</isasymmetric>
    </blockref>
    <blockref>
      <blockid>0x40636000, 0xaf877f28</blockid>
      <transform>
        <scale>0.5</scale>
        <position>-3.249011,-4.197299,3.931760</position>
        <triangledirection>-0.293785,0.941442,0.165459</triangledirection>
        <trianglepickorigin>0,0,0</trianglepickorigin>
        <orientation>
          <row0>1,0,0</row0>
          <row1>0,1,0</row1>
          <row2>0,0,1</row2>
        </orientation>
        <userorientation>
          <userorientation_row0>0.952789,0.302307,-0.0283451</userorientation_row0>
          <userorientation_row1>-0.293785,0.941442,0.165459</userorientation_row1>
          <userorientation_row2>0.0767050,-0.149320,0.985809</userorientation_row2>
        </userorientation>
      </transform>
      <snapped>false</snapped>
      <paintlist count="2">
        <paint>
          <paintregion>0x00000005</paintregion>
          <paintid>0x35915380</paintid>
          <color1>0.549000,0.128998,0.556999</color1>
          <color2>0.188234,0.282352,0.0509802</color2>
        </paint>
        <paint>
          <paintregion>0x0000000d</paintregion>
          <paintid>0x35915380</paintid>
          <color1>0.549000,0.128998,0.556999</color1>
          <color2>0.188234,0.282352,0.0509802</color2>
        </paint>
      </paintlist>
      <handles count="4">
        <weight channel="0xd02751de">0.213378</weight>
        <weight channel="0x808c04d9">0.122036</weight>
        <weight channel="0x3af5266f">0.135115</weight>
        <weight channel="0xbb7f0931">0.104541</weight>
      </handles>
      <isasymmetric>false</isasymmetric>
    </blockref>
    <blockref>
      <blockid>0x40636000, 0xe9fabef5</blockid>
      <transform>
        <scale>2.733179</scale>
        <position>1.802211,-5.290613,17.691263</position>
        <triangledirection>-0.341948,0.883270,-0.320784</triangledirection>
        <trianglepickorigin>0,0,0</trianglepickorigin>
        <orientation>
          <row0>0.910380,0.396005,0.119943</row0>
          <row1>-0.398885,0.916999,0</row1>
          <row2>-0.109989,-0.0478441,0.992780</row2>
        </orientation>
        <userorientation>
          <userorientation_row0>1,0,0</userorientation_row0>
          <userorientation_row1>0,0.946358,-0.323116</userorientation_row1>
          <userorientation_row2>0,0.323116,0.946358</userorientation_row2>
        </userorientation>
      </transform>
      <snapped>false</snapped>
      <paintlist count="2">
        <paint>
          <paintregion>0x00000006</paintregion>
          <paintid>0x35915380</paintid>
          <color1>0.549000,0.128998,0.556999</color1>
          <color2>0.188234,0.282352,0.0509802</color2>
        </paint>
        <paint>
          <paintregion>0x00000009</paintregion>
          <paintid>0x35915380</paintid>
          <color1>0.549000,0.128998,0.556999</color1>
          <color2>0.188234,0.282352,0.0509802</color2>
        </paint>
      </paintlist>
      <handles count="3">
        <weight channel="0x2e6521f4">0.757439</weight>
        <weight channel="0x7cc96c02">0.200000</weight>
        <weight channel="0xd02751de">0.323471</weight>
      </handles>
      <isasymmetric>false</isasymmetric>
    </blockref>
    <blockref>
      <blockid>0x40636000, 0xe9fabef5</blockid>
      <transform>
        <scale>2.024789</scale>
        <position>2.671092,-6.592491,18.006864</position>
        <triangledirection>-0.412528,0.648989,0.639243</triangledirection>
        <trianglepickorigin>0,0,0</trianglepickorigin>
        <orientation>
          <row0>0.906593,0.404597,0.119944</row0>
          <row1>-0.407539,0.913187,0</row1>
          <row2>-0.109531,-0.0488823,0.992780</row2>
        </orientation>
        <userorientation>
          <userorientation_row0>-0.998996,-0.00810192,-0.0440419</userorientation_row0>
          <userorientation_row1>-0.0347418,0.760770,0.648088</userorientation_row1>
          <userorientation_row2>0.0282550,0.648968,-0.760289</userorientation_row2>
        </userorientation>
      </transform>
      <snapped>false</snapped>
      <paintlist count="2">
        <paint>
          <paintregion>0x00000006</paintregion>
          <paintid>0x35915380</paintid>
          <color1>0.549000,0.128998,0.556999</color1>
          <color2>0.188234,0.282352,0.0509802</color2>
        </paint>
        <paint>
          <paintregion>0x00000009</paintregion>
          <paintid>0x35915380</paintid>
          <color1>0.549000,0.128998,0.556999</color1>
          <color2>0.188234,0.282352,0.0509802</color2>
        </paint>
      </paintlist>
      <handles count="3">
        <weight channel="0x2e6521f4">0.757439</weight>
        <weight channel="0x7cc96c02">0.253968</weight>
        <weight channel="0xd02751de">0.308550</weight>
      </handles>
      <isasymmetric>false</isasymmetric>
    </blockref>
    <blockref>
      <blockid>0x40636000, 0xaf877f26</blockid>
      <transform>
        <scale>0.661903</scale>
        <position>5.941885,-8.013618,17.739208</position>
        <triangledirection>-0.459544,0.888095,0.0102452</triangledirection>
        <trianglepickorigin>0,0,0</trianglepickorigin>
        <orientation>
          <row0>1,0,0</row0>
          <row1>0,1,0</row1>
          <row2>0,0,1</row2>
        </orientation>
        <userorientation>
          <userorientation_row0>-0.113946,-0.0703942,0.990989</userorientation_row0>
          <userorientation_row1>-0.459544,0.888095,0.0102452</userorientation_row1>
